0 0.10615625 0.4306875 0.038656249999999996 0.11916666666666667
0 0.16575 0.429125 0.0421875 0.09785416666666666
0 0.44039062500000004 0.42833333333333334 0.03003125 0.13943750000000002
0 0.473828125 0.42439583333333336 0.038515625 0.14620833333333336
0 0.56028125 0.4350833333333333 0.053109375 0.1831458333333333
0 0.7242031250000001 0.4326458333333333 0.06225000000000001 0.22864583333333333
0 0.8281562499999999 0.4172291666666667 0.057640625 0.206125
0 0.887109375 0.42160416666666667 0.0619375 0.21845833333333334
0 0.968421875 0.5147916666666666 0.063171875 0.37345833333333334
0 0.683390625 0.4095833333333333 0.022265625 0.121375
0 0.37706249999999997 0.4034583333333333 0.020046875 0.07579166666666667
0 0.40248437499999995 0.40037500000000004 0.012453124999999999 0.06925
0 0.29228125 0.4120625 0.0213125 0.07635416666666667
0 0.320828125 0.40677083333333336 0.0174375 0.07312500000000001