0 0.5749531250000001 0.43350000000000005 0.051828125 0.1461875
0 0.6351093750000001 0.418875 0.037234375 0.15391666666666665
0 0.470234375 0.42304166666666665 0.032609375 0.12058333333333333
0 0.42803125 0.42720833333333336 0.038875 0.12058333333333333
0 0.386625 0.431375 0.0408125 0.14558333333333331
0 0.04984375 0.42410416666666667 0.032875 0.07264583333333333
0 0.07328124999999999 0.4209583333333333 0.026515624999999998 0.08722916666666666
0 0.13970312499999998 0.422 0.031171874999999998 0.09347916666666665
0 0.191265625 0.42720833333333336 0.03740625 0.10806249999999999
0 0.28114062500000003 0.418875 0.032953125 0.09558333333333334
0 0.311609375 0.41783333333333333 0.02203125 0.09766666666666667