0 0.05328125 0.45731249999999996 0.1065625 0.2659375
0 0.09359375 0.38558333333333333 0.033078125 0.07672916666666667
0 0.18128125 0.39135416666666667 0.038078125000000004 0.06452083333333333
0 0.20818750000000003 0.3925 0.029390624999999997 0.07147916666666668
0 0.2741875 0.3843958333333333 0.029359375 0.05527083333333334
0 0.307171875 0.38208333333333333 0.029343750000000002 0.06454166666666666
0 0.367953125 0.387875 0.04321875 0.09927083333333334
0 0.42437500000000006 0.39133333333333337 0.051875000000000004 0.1293541666666667
0 0.459109375 0.3832291666666666 0.034499999999999996 0.094625
0 0.48776562500000004 0.3705208333333333 0.018859375 0.041375
0 0.52596875 0.37397916666666664 0.015890625 0.07147916666666668
0 0.539859375 0.3867083333333333 0.01884375 0.06452083333333333
0 0.558953125 0.3809375 0.02578125 0.06220833333333333
0 0.5841406250000001 0.3716666666666667 0.0205625 0.07147916666666668
0 0.614515625 0.39018749999999996 0.039640625 0.1363125
0 0.666625 0.3716666666666667 0.022265625 0.06685416666666667
0 0.687453125 0.3762916666666667 0.025734374999999997 0.08075
0 0.77428125 0.4144791666666666 0.05695312500000001 0.1895625
0 0.902765625 0.41333333333333333 0.039531250000000004 0.14091666666666666
0 0.9835156250000001 0.3728125 0.02734375 0.09695833333333333
0 0.94271875 0.36125 0.025625 0.0830625