0 0.09203125 0.4813958333333333 0.060890625 0.13304166666666667
0 0.324125 0.4470208333333333 0.02203125 0.09345833333333334
0 0.39990625 0.468875 0.042375 0.20808333333333331
0 0.4475625 0.47722916666666665 0.0466875 0.16639583333333335
0 0.487421875 0.46997916666666667 0.057609375 0.16912500000000003
0 0.6601250000000001 0.4397083333333333 0.053421874999999994 0.1330625
0 0.76246875 0.5605416666666667 0.11376562500000001 0.37472916666666667
0 0.812484375 0.462625 0.073109375 0.21225
0 0.9713906250000001 0.40741666666666665 0.05721875 0.15185416666666668
0 0.177984375 0.4720625 0.048343750000000005 0.131625
0 0.026078125 0.4793125 0.05215625 0.141375
0 0.352234375 0.44285416666666666 0.031093749999999996 0.09764583333333333