0 0.689546875 0.4092083333333333 0.039296874999999995 0.10993750000000001
0 0.6258125 0.4086666666666667 0.031906250000000004 0.11541666666666667
0 0.5846875 0.391125 0.018765625 0.051812500000000004
0 0.555890625 0.38785416666666667 0.014124999999999999 0.051291666666666666
0 0.565359375 0.38839583333333333 0.014656250000000001 0.04852083333333333
0 0.540265625 0.38839583333333333 0.01246875 0.048
0 0.518875 0.3861875 0.010562499999999999 0.037562500000000006
0 0.325171875 0.4026666666666667 0.013203125 0.06116666666666667
0 0.374109375 0.39497916666666666 0.010765625 0.0458125
0 0.39303125 0.39770833333333333 0.01884375 0.049604166666666664
0 0.40660937500000005 0.39168749999999997 0.016375 0.035354166666666666
0 0.791609375 0.3636875 0.029140624999999996 0.07920833333333334