0 0.236359375 0.44945833333333335 0.049875 0.16835416666666667
0 0.095640625 0.4423541666666667 0.044703124999999996 0.12027083333333333
0 0.358109375 0.43291666666666667 0.044640625 0.10137499999999999
0 0.48507812499999997 0.4217916666666667 0.033984375 0.10137499999999999
0 0.46518750000000003 0.42902083333333335 0.017109375 0.10470833333333333
0 0.547875 0.4173541666666667 0.011671875 0.07024999999999999
0 0.56559375 0.41483333333333333 0.01540625 0.07368749999999999
0 0.608703125 0.43066666666666664 0.03334375 0.09202083333333334
0 0.6839062499999999 0.4354166666666667 0.046218749999999996 0.14529166666666665
0 0.750046875 0.43524999999999997 0.036078125 0.10785416666666667
0 0.82503125 0.42735416666666665 0.038890625 0.14583333333333334
0 0.87253125 0.43647916666666664 0.041109375 0.15258333333333332
0 0.9257500000000001 0.4012291666666667 0.034078125 0.09358333333333334
0 0.94415625 0.6397291666666667 0.11168750000000001 0.6594583333333334