0 0.263953125 0.5742916666666668 0.1313125 0.681375
0 0.451640625 0.4184583333333334 0.044187500000000005 0.1058125
0 0.577984375 0.4049791666666666 0.036453124999999996 0.10385416666666666
0 0.70078125 0.410125 0.017468749999999998 0.111375
0 0.722546875 0.40425 0.016078125 0.11704166666666667
0 0.7832656250000001 0.42250000000000004 0.0324375 0.12220833333333332
0 0.8164999999999999 0.4318958333333333 0.0406875 0.17008333333333334
0 0.851703125 0.42383333333333334 0.032765625 0.15843749999999998
0 0.3353125 0.40689583333333335 0.019734375000000002 0.07564583333333334
0 0.03659375 0.44 0.041171875000000004 0.16279166666666667
0 0.06221875 0.43995833333333334 0.020078125 0.13729166666666667