0 0.921109375 0.4251666666666667 0.072265625 0.19620833333333335
0 0.86640625 0.41787500000000005 0.034734375 0.16077083333333334
0 0.6913750000000001 0.43143750000000003 0.047171875 0.1586875
0 0.760125 0.4053333333333333 0.0309375 0.11433333333333334
0 0.7241875 0.41679166666666667 0.040328125 0.11222916666666666
0 0.6233906250000001 0.42304166666666665 0.023171875 0.07889583333333333
0 0.6022968750000001 0.42304166666666665 0.044015625 0.14141666666666666
0 0.5350937499999999 0.406375 0.034140625 0.09558333333333334
0 0.40303125 0.4282708333333333 0.026750000000000003 0.08097916666666666
0 0.4256875 0.41575 0.027937499999999997 0.08097916666666666
0 0.485859375 0.41575 0.02678125 0.0935
0 0.5100781249999999 0.4136666666666667 0.03103125 0.10183333333333335