0 0.175609375 0.4951458333333333 0.109640625 0.4000208333333333
0 0.11570312499999999 0.496875 0.109625 0.354875
0 0.010765625 0.38035416666666666 0.017218749999999998 0.089875
0 0.025609375 0.38033333333333336 0.021843750000000002 0.09352083333333333
0 0.049062499999999995 0.38554166666666667 0.024953125 0.08725000000000001
0 0.24909374999999997 0.381375 0.028000000000000004 0.06641666666666667
0 0.30067187500000003 0.3792916666666667 0.027984375 0.07058333333333335
0 0.32801562500000003 0.381375 0.02015625 0.06641666666666667
0 0.34754687500000003 0.38345833333333335 0.021718750000000002 0.07058333333333335
0 0.51790625 0.3970416666666667 0.050234375 0.15241666666666667
0 0.53665625 0.39595833333333336 0.031015625 0.13310416666666666
0 0.39834375 0.3897083333333333 0.038890625 0.09141666666666667
0 0.49210937499999996 0.3688958333333333 0.01740625 0.041937499999999996
0 0.564 0.3792916666666667 0.023203124999999998 0.07893750000000001
0 0.630421875 0.372 0.027859375 0.07685416666666667
0 0.68590625 0.3740833333333333 0.02315625 0.0851875
0 0.70621875 0.3688541666666667 0.032515625 0.08727083333333334
0 0.770296875 0.38343750000000004 0.041875 0.145625
0 0.861703125 0.4376041666666667 0.09340625 0.295625
0 0.89296875 0.3896875 0.046515625 0.1414375
0 0.9695625 0.41783333333333333 0.053531249999999996 0.16435416666666666
0 0.939078125 0.3615625 0.033203125 0.08935416666666667