0 0.39540625 0.45433333333333337 0.042234375000000005 0.18485416666666668
0 0.1943125 0.4501666666666667 0.037375000000000005 0.1526875
0 0.07859374999999999 0.46845833333333337 0.031375 0.14466666666666667
0 0.327328125 0.4311041666666667 0.026625 0.11458333333333333
0 0.604078125 0.4674375 0.062265625000000005 0.21106250000000001
0 0.6599999999999999 0.44429166666666664 0.060281249999999995 0.20725000000000002
0 0.757640625 0.42752083333333335 0.021156249999999998 0.13125
0 0.78978125 0.4126458333333333 0.031859375 0.1371875
0 0.815453125 0.43716666666666665 0.064109375 0.17389583333333333
0 0.88015625 0.48352083333333334 0.04746875 0.2670416666666667
0 0.9477968750000001 0.4780833333333333 0.08959375 0.2914791666666667