0 0.326453125 0.4220416666666667 0.029843750000000002 0.08158333333333333
0 0.352234375 0.41470833333333335 0.027968749999999997 0.0955625
0 0.3835 0.406375 0.027953125000000002 0.0830625
0 0.40928125 0.41470833333333335 0.023265625 0.08722916666666666
0 0.42725 0.41575 0.021687500000000002 0.09764583333333333
0 0.48117187499999997 0.42725 0.03303125 0.11285416666666667
0 0.5499375 0.4261666666666667 0.0330625 0.13097916666666667
0 0.911734375 0.4501041666666667 0.072265625 0.27060416666666665
0 0.8374843750000001 0.4261666666666667 0.063734375 0.16433333333333333
0 0.7671718750000001 0.4240833333333333 0.058140625 0.181
0 0.644484375 0.40116666666666667 0.027859375 0.10183333333333335
0 0.6062031250000001 0.41679166666666667 0.033078125 0.10806249999999999
0 0.5780624999999999 0.4209583333333333 0.0330625 0.10806249999999999
0 0.5265 0.41993749999999996 0.033046874999999996 0.07681249999999999