0 0.940015625 0.4368125 0.0521875 0.17585416666666667
0 0.885546875 0.4116666666666667 0.0495 0.16166666666666665
0 0.779203125 0.3990208333333333 0.030578125 0.11135416666666667
0 0.715875 0.4341666666666667 0.045578125000000004 0.16779166666666667
0 0.687453125 0.425 0.024140625 0.13277083333333334
0 0.61765625 0.42875 0.038734375 0.12083333333333333
0 0.545484375 0.408875 0.02146875 0.08941666666666667
0 0.524140625 0.4181875 0.022515625 0.09970833333333333
0 0.49871875 0.41637500000000005 0.021687500000000002 0.08775
0 0.43685937499999994 0.4106875 0.01878125 0.09025
0 0.41007812499999996 0.4187291666666667 0.025656250000000002 0.07858333333333332