0 0.960734375 0.43352083333333336 0.07853125 0.21289583333333334
0 0.897671875 0.36472916666666666 0.041015625 0.10029166666666667
0 0.799203125 0.40016666666666667 0.037843749999999995 0.12114583333333333
0 0.75309375 0.447 0.05437499999999999 0.17266666666666666
0 0.70465625 0.4240833333333333 0.051875000000000004 0.1435
0 0.634328125 0.431375 0.045046875 0.14558333333333331
0 0.657765625 0.4261875 0.02315625 0.07681249999999999
0 0.56165625 0.4136666666666667 0.024765625 0.08933333333333333
0 0.5116562499999999 0.412625 0.022109375 0.09558333333333334
0 0.5405625 0.4136666666666667 0.026328125 0.09347916666666665
0 0.448359375 0.41575 0.029484375 0.08514583333333332
0 0.42570312499999996 0.422 0.028328125 0.07681249999999999