0 0.0318125 0.4054375 0.02559375 0.08360416666666667
0 0.062343749999999996 0.4252916666666666 0.069578125 0.1531875
0 0.29321875 0.40447916666666667 0.028296875 0.058479166666666665
0 0.22643749999999999 0.40447916666666667 0.025484374999999997 0.0660625
0 0.44737499999999997 0.4092291666666667 0.0470625 0.12529166666666666
0 0.708796875 0.5513958333333334 0.177890625 0.4815833333333333
0 0.8430312499999999 0.43383333333333335 0.045125 0.14370833333333335
0 0.9041406249999999 0.4091875 0.051500000000000004 0.12479166666666666
0 0.91621875 0.3827083333333333 0.035875000000000004 0.110125
0 0.642015625 0.4101875 0.047140625000000005 0.13097916666666667
0 0.514140625 0.4016458333333333 0.024359375 0.060875
0 0.49424999999999997 0.3921458333333333 0.018671874999999998 0.06416666666666666
0 0.546828125 0.4044583333333333 0.018687500000000003 0.08120833333333333
0 0.56528125 0.39499999999999996 0.021078125 0.09258333333333332
0 0.590859375 0.39310416666666664 0.023921875000000002 0.0888125
0 0.763484375 0.40066666666666667 0.036640624999999996 0.13427083333333334
0 0.9768281249999999 0.40358333333333335 0.046328125 0.178375