0 0.641796875 0.5946250000000001 0.151078125 0.7214166666666666
0 0.8721249999999999 0.43185416666666665 0.058171875 0.19643750000000001
0 0.9717499999999999 0.42754166666666665 0.056515625 0.20268750000000002
0 0.766109375 0.413375 0.047046875 0.12379166666666667
0 0.48925 0.4564166666666667 0.066984375 0.19497916666666668
0 0.44484375 0.4549166666666667 0.0361875 0.16222916666666667
0 0.33614062499999997 0.4424166666666667 0.046484375 0.16102083333333334
0 0.21751562500000002 0.5320625 0.07485937499999999 0.32243750000000004
0 0.276109375 0.4411875 0.05125 0.1390625
0 0.08996875 0.4380833333333333 0.040749999999999995 0.08391666666666667
0 0.397296875 0.415 0.027625 0.0843125