0 0.9752968750000001 0.432375 0.04940625 0.23108333333333334
0 0.8648125 0.548 0.14345312500000001 0.43314583333333334
0 0.789046875 0.538625 0.12062500000000001 0.3935625
0 0.61165625 0.41785416666666664 0.044 0.11485416666666667
0 0.704640625 0.40952083333333333 0.03621875 0.11485416666666667
0 0.679640625 0.40950000000000003 0.036203125 0.10652083333333334
0 0.546796875 0.41158333333333336 0.02053125 0.0856875
0 0.49678125 0.40218750000000003 0.02325 0.06645833333333333
0 0.562421875 0.39906250000000004 0.023234374999999998 0.09772916666666666
0 0.31003125 0.4053125 0.024890625 0.06854166666666667
0 0.038093749999999996 0.4105 0.031234374999999998 0.09979166666666667