0 0.16604687499999998 0.47460416666666666 0.035515625 0.15141666666666667
0 0.138875 0.46904166666666663 0.0415625 0.12918749999999998
0 0.307390625 0.47279166666666667 0.041109375 0.1728125
0 0.431953125 0.4733541666666667 0.048578125 0.18504166666666666
0 0.6131875 0.48891666666666667 0.03603125 0.2050625
0 0.6639062499999999 0.4821875 0.05209375000000001 0.20841666666666667
0 0.78878125 0.4844791666666667 0.0830625 0.240625
0 0.837125 0.4634375 0.053593749999999996 0.18202083333333335
0 0.71775 0.44177083333333333 0.021484375 0.12535416666666668
0 0.551734375 0.43735416666666665 0.023953125 0.12139583333333334
0 0.51778125 0.4486041666666667 0.028546875 0.10777083333333333
0 0.381234375 0.4663541666666667 0.029953125000000004 0.16785416666666667