0 0.766375 0.48352083333333334 0.0909375 0.2170416666666667
0 0.66321875 0.46468750000000003 0.052875000000000005 0.19977083333333334
0 0.592890625 0.48033333333333333 0.05290625 0.1976875
0 0.5491406249999999 0.481375 0.04396875 0.19977083333333334
0 0.408484375 0.47929166666666667 0.062359374999999995 0.19141666666666665
0 0.45146875 0.4522083333333333 0.035765625 0.10808333333333334
0 0.492875 0.43866666666666665 0.034187499999999996 0.1226875
0 0.22564062499999998 0.4761666666666667 0.05304687500000001 0.16852083333333334
0 0.13421875 0.4761666666666667 0.039015625 0.13933333333333334
0 0.09281249999999999 0.47408333333333336 0.043796875 0.13933333333333334
0 0.039671875 0.4709583333333333 0.03753125 0.11641666666666667
0 0.79840625 0.45739583333333333 0.057515625 0.18935416666666666