0 0.046390625000000005 0.49802083333333336 0.09278125000000001 0.3581041666666666
0 0.23737499999999997 0.5022083333333334 0.09834375 0.3372708333333333
0 0.37179687499999997 0.5271875 0.19239062499999998 0.40393749999999995
0 0.80625 0.4657291666666667 0.123796875 0.33520833333333333
0 0.6061875 0.41470833333333335 0.0575625 0.14558333333333331
0 0.455375 0.40739583333333335 0.06231250000000001 0.16435416666666666
0 0.470234375 0.39906250000000004 0.045109375 0.12683333333333333
0 0.731234375 0.40325 0.064390625 0.14352083333333335
0 0.9682656250000001 0.43554166666666666 0.063453125 0.17060416666666667
0 0.86796875 0.3949166666666667 0.052765625000000003 0.1351875
0 0.929703125 0.3824166666666667 0.033203125 0.10602083333333333
0 0.655421875 0.3845 0.01846875 0.06433333333333333
0 0.6374531250000001 0.3824166666666667 0.017468749999999998 0.07266666666666667
0 0.6913750000000001 0.3845 0.019046874999999998 0.08102083333333333
0 0.71246875 0.38554166666666667 0.029390624999999997 0.08725000000000001
0 0.56321875 0.39075 0.027890625000000002 0.081
0 0.7554375 0.381375 0.0246875 0.07891666666666668
0 0.529625 0.38658333333333333 0.023203124999999998 0.07266666666666667
0 0.517125 0.39077083333333335 0.026796874999999998 0.077375
0 0.326453125 0.40116666666666667 0.01703125 0.06016666666666667
0 0.313171875 0.39910416666666665 0.02828125 0.05654166666666667
0 0.09517187499999999 0.40745833333333337 0.029765625 0.09822916666666666
0 0.166265625 0.39595833333333336 0.024906249999999998 0.07475000000000001
0 0.19596875 0.3980416666666667 0.02178125 0.06641666666666667
0 0.145953125 0.4011875 0.025093749999999998 0.08572916666666666