0 0.071875 0.47581249999999997 0.128421875 0.3400208333333333
0 0.012484375 0.37860416666666663 0.02496875 0.08537499999999999
0 0.14654687500000002 0.3809166666666667 0.034625 0.09000000000000001
0 0.18562499999999998 0.37860416666666663 0.025921875 0.08537499999999999
0 0.235984375 0.37860416666666663 0.022421875 0.057583333333333334
0 0.28459375 0.3809166666666667 0.032828125 0.08537499999999999
0 0.34364062500000003 0.37977083333333334 0.022390625 0.059895833333333336
0 0.360140625 0.37397916666666664 0.02759375 0.06222916666666667
0 0.399203125 0.3809166666666667 0.03278125 0.10852083333333334
0 0.475609375 0.38554166666666667 0.06401562499999999 0.1316875
0 0.527703125 0.3716666666666667 0.0223125 0.076125
0 0.54246875 0.37514583333333335 0.017109375 0.06916666666666667
0 0.567640625 0.3925 0.043140625 0.14093750000000002
0 0.628421875 0.3623958333333333 0.025750000000000002 0.076125
0 0.612796875 0.36358333333333337 0.022859375 0.07902083333333333
0 0.679640625 0.36356249999999996 0.024 0.0830625
0 0.700484375 0.3705 0.027453125000000002 0.09233333333333334
0 0.784703125 0.37402083333333336 0.040296874999999996 0.13229166666666667
0 0.8341875 0.42141666666666666 0.09340625 0.24512499999999998
0 0.9479218749999999 0.40522916666666664 0.06035937500000001 0.18491666666666667
0 0.90190625 0.38095833333333334 0.04903125 0.13691666666666666