0 0.7908593749999999 0.4047291666666667 0.058625000000000003 0.16170833333333334
0 0.672453125 0.39589583333333334 0.05265625 0.1505
0 0.569640625 0.3737083333333333 0.017468749999999998 0.06333333333333332
0 0.539046875 0.37416666666666665 0.011171875000000001 0.04520833333333333
0 0.5520625 0.37285416666666665 0.0135625 0.05464583333333333
0 0.504859375 0.37154166666666666 0.01553125 0.050312499999999996
0 0.340109375 0.37935416666666666 0.018203125 0.06766666666666667
0 0.354109375 0.37545833333333334 0.013640625 0.051166666666666666
0 0.29290625000000003 0.37504166666666666 0.0136875 0.05389583333333334
0 0.280859375 0.3737291666666666 0.014328125 0.05825
0 0.265875 0.37545833333333334 0.018234375 0.0650625
0 0.3248125 0.3772083333333333 0.0228125 0.0651875