0 0.9587187500000001 0.5086041666666666 0.08256250000000001 0.40054166666666663
0 0.912546875 0.4247916666666667 0.048953125 0.21127083333333332
0 0.33709375 0.42564583333333333 0.05240625 0.1429375
0 0.54415625 0.4186875 0.049875 0.149875
0 0.772078125 0.45510416666666664 0.04215625 0.20785416666666665
0 0.6640312500000001 0.41058333333333336 0.039359375 0.1253125
0 0.69215625 0.3897083333333333 0.029390624999999997 0.09141666666666667
0 0.816390625 0.42304166666666665 0.046546875 0.14977083333333333
0 0.87421875 0.39387500000000003 0.037875 0.12477083333333333
0 0.493671875 0.40116666666666667 0.02321875 0.081
0 0.037343749999999995 0.406375 0.02340625 0.08725000000000001