0 0.07484375 0.46268750000000003 0.039125 0.11285416666666667
0 0.130328125 0.47722916666666665 0.0530625 0.141375
0 0.262390625 0.48035416666666664 0.070453125 0.1643125
0 0.421015625 0.47408333333333336 0.07520312500000001 0.19347916666666667
0 0.5687031250000001 0.48033333333333333 0.051828125 0.18931250000000002
0 0.62025 0.47720833333333335 0.06693750000000001 0.2080625
0 0.71403125 0.46575 0.058125 0.19766666666666666
0 0.766375 0.48033333333333333 0.0590625 0.2435
0 0.8101406250000001 0.46470833333333333 0.068421875 0.18306250000000002
0 0.481953125 0.44597916666666665 0.034171875000000004 0.11639583333333332
0 0.521015625 0.43554166666666666 0.03728125 0.12056249999999999
0 0.660109375 0.447 0.052859375 0.15183333333333332