0 0.71715625 0.5647083333333334 0.155 0.47060416666666666
0 0.043578125 0.43554166666666666 0.057796875000000004 0.15391666666666665
0 0.085765625 0.42304166666666665 0.04840625 0.10389583333333333
0 0.44209375 0.422 0.035765625 0.11433333333333334
0 0.6374531250000001 0.418875 0.045578125000000004 0.12475
0 0.8531093750000001 0.431375 0.05815625 0.14558333333333331
0 0.969546875 0.412625 0.059765625 0.1664375
0 0.897640625 0.4084583333333333 0.04653125 0.12475
0 0.567109375 0.400125 0.02946875 0.07891666666666668
0 0.548359375 0.406375 0.029906250000000002 0.07889583333333333
0 0.509296875 0.40429166666666666 0.036140624999999996 0.0580625
0 0.29674999999999996 0.40741666666666665 0.038953125 0.06431250000000001