0 0.982109375 0.41485416666666663 0.035796875 0.2597916666666667
0 0.956609375 0.411375 0.04384375 0.25285416666666666
0 0.746484375 0.4276041666666667 0.070859375 0.2111458333333333
0 0.66228125 0.39866666666666667 0.030953124999999998 0.130125
0 0.559828125 0.36974999999999997 0.0419375 0.0620625
0 0.7873125 0.41493749999999996 0.0385625 0.21258333333333335
0 0.336296875 0.3845208333333333 0.008749999999999999 0.03908333333333334
0 0.344109375 0.38333333333333336 0.01209375 0.04658333333333333
0 0.359734375 0.3862291666666666 0.017296875 0.05235416666666667
0 0.400546875 0.3845 0.0120625 0.041958333333333334
0 0.38275000000000003 0.3787083333333333 0.012953125 0.044270833333333336
0 0.41790625 0.38333333333333336 0.01553125 0.04658333333333333
0 0.5056093749999999 0.37118749999999995 0.017234375 0.036166666666666666
0 0.45959374999999997 0.3781458333333333 0.01053125 0.035625000000000004
0 0.429203125 0.37235416666666665 0.00859375 0.03154166666666667