0 0.15323437499999998 0.42737499999999995 0.04946875 0.1680625
0 0.368421875 0.4049791666666666 0.017343749999999998 0.07052083333333334
0 0.523515625 0.40747916666666667 0.025421875 0.1033125
0 0.49945312499999994 0.410125 0.02521875 0.10024999999999999
0 0.5638124999999999 0.399 0.016453125 0.07802083333333334
0 0.655875 0.5791666666666667 0.14225000000000002 0.6827500000000001
0 0.839828125 0.4202708333333333 0.03096875 0.16222916666666667
0 0.773890625 0.4209375 0.032125 0.11702083333333334
0 0.7443125 0.41637500000000005 0.033703125 0.13220833333333334
0 0.881171875 0.39008333333333334 0.021734375 0.095375
0 0.39842187500000004 0.4159583333333333 0.019 0.10637500000000001