0 0.109234375 0.44914583333333336 0.051640624999999996 0.13577083333333334
0 0.013890625 0.43350000000000005 0.02346875 0.10033333333333333
0 0.07640625 0.42512500000000003 0.039125 0.11641666666666667
0 0.267859375 0.4397083333333333 0.047015625 0.15808333333333333
0 0.403828125 0.45845833333333336 0.0689375 0.18725
0 0.55775 0.46366666666666667 0.066953125 0.23516666666666666
0 0.4475625 0.43241666666666667 0.0466875 0.13516666666666666
0 0.746078125 0.4417916666666667 0.040953125 0.14141666666666666
0 0.787484375 0.42512500000000003 0.05125 0.16641666666666666
0 0.69840625 0.422 0.036234375 0.11016666666666668
0 0.954703125 0.39597916666666666 0.026171875 0.07114583333333332