0 0.34746875 0.5827708333333333 0.260859375 0.6621875
0 0.69359375 0.41485416666666663 0.021843750000000002 0.10414583333333334
0 0.715890625 0.410375 0.029406250000000002 0.1048125
0 0.7795156249999999 0.425 0.03328125 0.12166666666666666
0 0.84784375 0.41662499999999997 0.038390625 0.172875
0 0.8203437499999999 0.42139583333333336 0.0399375 0.17556249999999998
0 0.5686093750000001 0.4078958333333333 0.021875 0.10691666666666667
0 0.55059375 0.41179166666666667 0.021249999999999998 0.10358333333333333
0 0.44434375 0.4123541666666667 0.03378125 0.10470833333333333
0 0.049812499999999996 0.43014583333333334 0.028046875 0.15139583333333334
0 0.08190625 0.44022916666666667 0.041125 0.1423125
0 0.204484375 0.4217708333333333 0.04803125 0.12091666666666666