0 0.07418749999999999 0.43833333333333335 0.030953124999999998 0.13722916666666668
0 0.258234375 0.44458333333333333 0.051109375 0.1691875
0 0.349890625 0.4331875 0.034421875000000005 0.11860416666666666
0 0.47371875 0.42458333333333337 0.021687500000000002 0.11804166666666666
0 0.593609375 0.42568750000000005 0.030203124999999997 0.10914583333333333
0 0.67265625 0.43374999999999997 0.052046875000000006 0.1530625
0 0.749625 0.4327708333333333 0.02975 0.115
0 0.72578125 0.4062291666666667 0.017453125 0.09247916666666667
0 0.70140625 0.41179166666666667 0.022875 0.09247916666666667
0 0.82775 0.4252291666666667 0.026515624999999998 0.15008333333333335
0 0.879515625 0.43064583333333334 0.041734375000000004 0.14758333333333334
0 0.944921875 0.4006458333333333 0.035921875 0.10758333333333334
0 0.565484375 0.41360416666666666 0.028125 0.07108333333333333
0 0.5438125 0.41345833333333337 0.018125 0.07358333333333333
0 0.45590624999999996 0.4261041666666667 0.0173125 0.10164583333333334