0 0.1765625 0.4969166666666667 0.10678125000000001 0.3355208333333334
0 0.24120312500000002 0.5078333333333334 0.181359375 0.3867291666666667
0 0.492484375 0.3983541666666667 0.044437500000000005 0.15622916666666667
0 0.5568906250000001 0.4023333333333333 0.034359375 0.13045833333333332
0 0.44328124999999996 0.3941875 0.028609375 0.11216666666666668
0 0.75896875 0.3949375 0.0416875 0.14641666666666667
0 0.85684375 0.4525625 0.09232812500000001 0.31227083333333333
0 0.97190625 0.4233125 0.0503125 0.18670833333333334
0 0.7092031249999999 0.3763125 0.018046875 0.08835416666666666
0 0.6885625 0.3815208333333333 0.014703125000000001 0.07793749999999999
0 0.38134375 0.3903125 0.027500000000000004 0.09847916666666667