0 0.047671875 0.4860208333333333 0.069984375 0.138125
0 0.1184375 0.4746666666666667 0.03403125 0.13458333333333333
0 0.16575 0.4730416666666667 0.037609375 0.11702083333333334
0 0.394625 0.47458333333333336 0.0384375 0.17770833333333333
0 0.447859375 0.47422916666666665 0.035515625 0.15035416666666668
0 0.497515625 0.47333333333333333 0.03703125 0.16999999999999998
0 0.78353125 0.45879166666666665 0.046156249999999996 0.19972916666666668
0 0.740890625 0.45210416666666664 0.04571875 0.1655
0 0.6531875 0.43674999999999997 0.044390625 0.13185416666666666
0 0.8808281250000001 0.5535 0.15146874999999999 0.4010416666666667
0 0.9742656249999999 0.41960416666666667 0.051468749999999994 0.13164583333333332