0 0.040375 0.46177083333333335 0.05765625 0.17685416666666667
0 0.1255 0.46697916666666667 0.06231250000000001 0.17060416666666667
0 0.494828125 0.4203125 0.030375000000000003 0.1448125
0 0.53228125 0.423125 0.03775 0.142
0 0.5650000000000001 0.41820833333333335 0.027187499999999996 0.14339583333333333
0 0.597203125 0.42454166666666665 0.0345625 0.15043749999999997
0 0.266859375 0.42735416666666665 0.043125000000000004 0.21797916666666667
0 0.30485937500000004 0.45268749999999996 0.043109375 0.17293750000000002
0 0.33809374999999997 0.4414166666666667 0.035703125 0.19264583333333332
0 0.40617187499999996 0.42664583333333334 0.047296875 0.17435416666666667
0 0.44890625 0.42454166666666665 0.044109375 0.1560625