0 0.90059375 0.5125416666666667 0.1353125 0.3735416666666667
0 0.835234375 0.5068541666666666 0.075625 0.32429166666666664
0 0.749984375 0.4585 0.052859375 0.17458333333333334
0 0.6974218750000001 0.4271875 0.038640625 0.13804166666666667
0 0.7215625 0.4224583333333333 0.035234375 0.13235416666666666
0 0.558890625 0.42435416666666664 0.028187499999999997 0.09066666666666667
0 0.5177031249999999 0.42531250000000004 0.031468750000000004 0.11152083333333333
0 0.48217187499999997 0.43004166666666666 0.037140625 0.12097916666666667
0 0.426765625 0.4120416666666667 0.025750000000000002 0.06983333333333334
0 0.09573437500000001 0.4877916666666666 0.10509375000000001 0.27441666666666664
0 0.030109375 0.4537083333333333 0.060203125 0.21002083333333335
0 0.941421875 0.39910416666666665 0.031640625 0.09822916666666666