0 0.9602812500000001 0.513 0.079421875 0.4751458333333333
0 0.914890625 0.42562500000000003 0.056765625 0.24295833333333333
0 0.7691250000000001 0.45356250000000004 0.050859375 0.24379166666666666
0 0.81771875 0.4239583333333333 0.033671875000000004 0.15958333333333333
0 0.8778593750000001 0.39520833333333333 0.038343749999999996 0.16039583333333332
0 0.660390625 0.41041666666666665 0.04090625 0.11997916666666668
0 0.539015625 0.41458333333333336 0.036265625 0.145
0 0.5730625 0.37079166666666663 0.010624999999999999 0.0009166666666666666
0 0.56978125 0.40518750000000003 0.0321875 0.09706250000000001
0 0.5007343750000001 0.4041666666666667 0.025343749999999998 0.13247916666666668
0 0.330765625 0.404375 0.047890625 0.17875
0 0.03253125 0.42791666666666667 0.042046875 0.12166666666666666
0 0.282328125 0.41229166666666667 0.03228125 0.13622916666666668
0 0.19140625 0.4049791666666666 0.021687500000000002 0.08414583333333334
0 0.21625 0.4066458333333333 0.031984374999999995 0.10414583333333334
0 0.08251562500000001 0.42291666666666666 0.04203125 0.11164583333333335