0 0.011109375000000001 0.4110625 0.020890625 0.081375
0 0.035421875000000005 0.41333333333333333 0.038140625 0.09460416666666666
0 0.094140625 0.5394791666666666 0.188296875 0.42566666666666664
0 0.575484375 0.5556875 0.21212499999999998 0.4858541666666667
0 0.641453125 0.5338333333333334 0.08365625 0.39175
0 0.671828125 0.46079166666666665 0.070890625 0.263625
0 0.482546875 0.40985416666666663 0.053593749999999996 0.12470833333333334
0 0.527703125 0.39945833333333336 0.0223125 0.07610416666666667
0 0.280265625 0.41102083333333334 0.02415625 0.08072916666666667
0 0.731734375 0.40870833333333334 0.034390625 0.13629166666666667
0 0.855890625 0.43074999999999997 0.063859375 0.14391666666666666
0 0.9595312500000001 0.481625 0.0809375 0.30529166666666663
0 0.9314375 0.40527083333333336 0.04903125 0.11610416666666666