0 0.037484375 0.4073333333333334 0.02275 0.07983333333333334
0 0.16107812500000002 0.5607083333333333 0.17609375 0.47329166666666667
0 0.24490625000000002 0.5379791666666667 0.06809375 0.4013125
0 0.45376562500000006 0.5144375 0.15078125 0.38493750000000004
0 0.48287500000000005 0.4716875 0.066578125 0.2876875
0 0.675390625 0.49916666666666665 0.113390625 0.2933541666666667
0 0.895609375 0.431875 0.059312500000000004 0.166375
0 0.802546875 0.4101458333333333 0.057937499999999996 0.13425
0 0.742171875 0.4139375 0.048593750000000005 0.1153125
0 0.583046875 0.4091875 0.042390625 0.12858333333333333
0 0.56884375 0.4016458333333333 0.037171875 0.08739583333333334
0 0.546109375 0.40352083333333333 0.017265625 0.08310416666666667
0 0.65053125 0.40166666666666667 0.03578125 0.09877083333333332
0 0.01234375 0.431 0.0246875 0.08877083333333333
0 0.1 0.40731249999999997 0.031203124999999998 0.0906875
0 0.49779687499999997 0.40068750000000003 0.0196875 0.0774375