0 0.75171875 0.40760416666666666 0.061125 0.19020833333333334
0 0.874984375 0.4075416666666667 0.056906250000000005 0.13397916666666668
0 0.043234375000000005 0.437625 0.064171875 0.23585416666666664
0 0.070140625 0.44458333333333333 0.058953124999999995 0.2126875
0 0.195171875 0.38208333333333333 0.02765625 0.06452083333333333
0 0.47300000000000003 0.3843958333333333 0.0414375 0.0830625
0 0.631890625 0.38554166666666667 0.053531249999999996 0.12241666666666666
0 0.11964062499999999 0.37747916666666664 0.026140625 0.08366666666666665
0 0.10053125 0.39481249999999996 0.03984375 0.11779166666666667
0 0.22556250000000003 0.38208333333333333 0.02590625 0.07379166666666667
0 0.31671875 0.37860416666666663 0.024140625 0.08075
0 0.35926562500000003 0.38208333333333333 0.03975 0.09695833333333333
0 0.40354687499999997 0.3832291666666666 0.04840625 0.1316875
0 0.536390625 0.3716666666666667 0.015375 0.057583333333333334
0 0.52684375 0.3658958333333333 0.02109375 0.08366666666666665
0 0.552875 0.3716666666666667 0.030984374999999998 0.076125
0 0.59021875 0.37397916666666664 0.025765624999999997 0.08075