0 0.10610937499999999 0.43141666666666667 0.051640624999999996 0.11699999999999999
0 0.181109375 0.42304166666666665 0.032718750000000005 0.11225
0 0.44523437499999996 0.4240833333333333 0.033015625 0.131
0 0.479609375 0.42720833333333336 0.045109375 0.14975
0 0.54603125 0.42304166666666665 0.07165625 0.18310416666666668
0 0.7179375 0.4396875 0.068453125 0.23727083333333335
0 0.6648125 0.4084583333333333 0.050296875 0.13727083333333334
0 0.799203125 0.41468750000000004 0.05659375 0.19977083333333334
0 0.85390625 0.4188541666666667 0.07153125 0.19977083333333334
0 0.933609375 0.5074166666666666 0.10665625000000001 0.35185416666666663
0 0.321765625 0.40950000000000003 0.026421875 0.07264583333333333
0 0.3756875 0.40116666666666667 0.031421875 0.081
0 0.589 0.40741666666666665 0.0450625 0.11850000000000001
0 0.40146875 0.40325 0.026390625 0.081