0 0.1076875 0.48164583333333333 0.164171875 0.3667708333333334
0 0.554640625 0.39720833333333333 0.0674375 0.16039583333333332
0 0.849984375 0.42943749999999997 0.088734375 0.2751458333333333
0 0.788265625 0.38258333333333333 0.053468749999999995 0.131375
0 0.7085625 0.368 0.027828125 0.093875
0 0.6866875 0.36904166666666666 0.022171875 0.08345833333333334
0 0.491328125 0.39299999999999996 0.046671875 0.143875
0 0.960953125 0.42945833333333333 0.048843750000000005 0.200125
0 0.9046875 0.39299999999999996 0.044937500000000005 0.13970833333333335
0 0.26471875 0.3763333333333333 0.028000000000000004 0.07302083333333333
0 0.176421875 0.3857083333333333 0.029593750000000002 0.0834375