0 0.054531249999999996 0.4689375 0.042249999999999996 0.1086875
0 0.10687500000000001 0.4782708333333333 0.0405625 0.15597916666666667
0 0.13579687499999998 0.47410416666666666 0.035859375 0.14764583333333334
0 0.23971874999999998 0.4751458333333333 0.040749999999999995 0.16639583333333335
0 0.413203125 0.4730416666666667 0.068953125 0.18722916666666667
0 0.463984375 0.45535416666666667 0.029484375 0.1143125
0 0.499140625 0.4366041666666666 0.024781249999999998 0.1018125
0 0.55228125 0.48452083333333335 0.03775 0.18514583333333334
0 0.598375 0.47202083333333333 0.051312500000000004 0.20183333333333334
0 0.6804375 0.4595 0.050296875 0.206
0 0.766375 0.47408333333333336 0.07781249999999999 0.23933333333333331
0 0.808578125 0.45116666666666666 0.084046875 0.206