0 0.196453125 0.5264166666666666 0.16695312499999998 0.3861458333333333
0 0.49729687499999997 0.5507291666666667 0.19051562500000002 0.4417291666666667
0 0.8957968749999999 0.4812291666666667 0.10210937499999999 0.3097083333333333
0 0.643140625 0.47254166666666664 0.096796875 0.285375
0 0.718671875 0.40822916666666664 0.038609375 0.14189583333333333
0 0.04146875 0.40652083333333333 0.039265625 0.09083333333333334
0 0.08578125 0.41370833333333334 0.036015625 0.07739583333333333
0 0.56790625 0.39910416666666665 0.028375 0.08572916666666666
0 0.5436875 0.411625 0.0236875 0.07739583333333333
0 0.2639375 0.40116666666666667 0.0233125 0.081
0 0.24128124999999997 0.4053541666666666 0.031390625 0.06489583333333333
0 0.82265625 0.38868749999999996 0.040984375 0.08154166666666667