0 0.06390625 0.4345625 0.045375 0.20245833333333335
0 0.088125 0.43554166666666666 0.031203124999999998 0.17058333333333334
0 0.152203125 0.406375 0.037421875 0.08725000000000001
0 0.24909374999999997 0.38658333333333333 0.031125000000000003 0.07683333333333334
0 0.21784374999999997 0.38660416666666664 0.034499999999999996 0.06904166666666667
0 0.345203125 0.381375 0.038906249999999996 0.09560416666666667
0 0.37959375 0.38554166666666667 0.035765625 0.11227083333333333
0 0.48898437499999997 0.3845 0.02634375 0.081
0 0.53196875 0.3793125 0.018984375 0.05445833333333334
0 0.54915625 0.3792916666666667 0.015390625 0.07893750000000001
0 0.5819687499999999 0.3740833333333333 0.0185 0.0726875
0 0.604640625 0.37616666666666665 0.020046875 0.0726875
0 0.65934375 0.3918125 0.048734375 0.1128125
0 0.7210625 0.39906250000000004 0.059078125 0.16435416666666666
0 0.778109375 0.39075 0.041859375 0.11435416666666667
0 0.83515625 0.4043333333333334 0.037859375 0.12533333333333332
0 0.86796875 0.38866666666666666 0.034015625 0.10185416666666666
0 0.92265625 0.46364583333333337 0.090265625 0.3227083333333333
0 0.6741875 0.3793125 0.028421875000000003 0.083625
0 0.7023125 0.3793125 0.015921875 0.06279166666666666
0 0.44132812499999996 0.39387500000000003 0.018546874999999997 0.0455625
0 0.2850625 0.3892083333333333 0.026718750000000003 0.05489583333333334