0 0.06859375 0.4481041666666667 0.057874999999999996 0.1461875
0 0.22956249999999997 0.4397083333333333 0.0641875 0.15808333333333333
0 0.125640625 0.42304166666666665 0.028203125000000002 0.08722916666666666
0 0.34834375 0.4522083333333333 0.079859375 0.20808333333333331
0 0.417875 0.42825 0.043578125 0.1435
0 0.609328125 0.46679166666666666 0.10809375000000002 0.24975
0 0.7476406250000001 0.4397083333333333 0.040953125 0.14975
0 0.782015625 0.43033333333333335 0.034046875 0.15183333333333332
0 0.6952812500000001 0.41158333333333336 0.036234375 0.1226875
0 0.7195 0.40950000000000003 0.024703125 0.11433333333333334
0 0.462421875 0.41991666666666666 0.03615625 0.10183333333333335
0 0.52025 0.418875 0.020546875 0.09141666666666667
0 0.5429062499999999 0.41783333333333333 0.024765625 0.09766666666666667
0 0.18425 0.4293125 0.02665625 0.0705625