0 0.027187499999999996 0.4618541666666667 0.054359375 0.18279166666666666
0 0.24460937500000002 0.4214791666666667 0.034171875000000004 0.09070833333333334
0 0.45090624999999995 0.4200625 0.024875 0.1086875
0 0.4793125 0.41600000000000004 0.024875 0.12139583333333334
0 0.5083593750000001 0.4184583333333334 0.030406250000000003 0.14525
0 0.60365625 0.40860416666666666 0.019296874999999998 0.1028125
0 0.63809375 0.3995208333333334 0.024265625 0.09977083333333334
0 0.718984375 0.4309791666666667 0.045406249999999995 0.20058333333333334
0 0.7434062499999999 0.41960416666666667 0.026078125 0.1626875
0 0.816203125 0.4726666666666667 0.050921875000000005 0.25366666666666665
0 0.869890625 0.409375 0.040109375 0.15283333333333332