0 0.408234375 0.47725 0.04334375 0.18904166666666666
0 0.5195000000000001 0.47681250000000003 0.031484374999999995 0.17325
0 0.5680468750000001 0.4825625 0.0566875 0.19322916666666667
0 0.6156875 0.46647916666666667 0.066296875 0.17775
0 0.74725 0.47681250000000003 0.056203125 0.20897916666666666
0 0.7775000000000001 0.46439583333333334 0.04178125 0.17595833333333333
0 0.188734375 0.47754166666666664 0.06639062500000001 0.15985416666666669
0 0.13784375 0.47829166666666667 0.04496875 0.13454166666666667
0 0.06442187499999999 0.4739791666666667 0.036515625 0.14079166666666668
0 0.01565625 0.4659375 0.0305 0.11877083333333333
0 0.25010937499999997 0.473375 0.050749999999999997 0.15152083333333335