0 0.1471875 0.593875 0.28153125 0.6622083333333334
0 0.46371874999999996 0.41345833333333337 0.026687499999999996 0.10691666666666667
0 0.245515625 0.41833333333333333 0.038203125 0.1194375
0 0.589640625 0.40554166666666663 0.026453125 0.10497916666666667
0 0.713375 0.411375 0.023921875000000002 0.11108333333333334
0 0.5625625000000001 0.4030416666666667 0.022296875 0.08329166666666667
0 0.538609375 0.4045625 0.02021875 0.07802083333333334
0 0.97771875 0.39289583333333333 0.031765625 0.12135416666666667
0 0.85628125 0.42458333333333337 0.043046875 0.173625
0 0.80628125 0.42916666666666664 0.0430625 0.16889583333333333
0 0.739 0.40258333333333335 0.028999999999999998 0.120375
0 0.327171875 0.407625 0.009859375 0.07858333333333332
0 0.032218750000000004 0.44306249999999997 0.044921875 0.141125