0 0.377546875 0.4202291666666667 0.028734375 0.09970833333333333
0 0.35150000000000003 0.41560416666666666 0.021765625 0.11129166666666666
0 0.341078125 0.41327083333333337 0.018296875 0.10202083333333332
0 0.3115625 0.41502083333333334 0.028703125000000003 0.110125
0 0.32284375 0.41733333333333333 0.01828125 0.08929166666666667
0 0.29679687499999996 0.41560416666666666 0.01828125 0.11129166666666666
0 0.21821875 0.4248541666666667 0.052109375 0.13908333333333334
0 0.18203125 0.41808333333333336 0.043 0.14604166666666665
0 0.03803125 0.43191666666666667 0.043484375 0.17402083333333335
0 0.071015625 0.44927083333333334 0.040015625 0.14854166666666666
0 0.0814375 0.43885416666666666 0.026125 0.1555
0 0.11529687500000001 0.42722916666666666 0.05546875 0.14091666666666666