0 0.288171875 0.4481041666666667 0.07828125 0.18370833333333333
0 0.463203125 0.431375 0.034578125 0.12475
0 0.640578125 0.437625 0.05496875 0.15391666666666665
0 0.746078125 0.437625 0.044078125 0.12056249999999999
0 0.82578125 0.42304166666666665 0.050359375 0.14975
0 0.8859375 0.431375 0.0456875 0.15808333333333333
0 0.960953125 0.40429166666666666 0.04259375 0.11225
0 0.583546875 0.4292916666666667 0.056515625 0.10389583333333333
0 0.54603125 0.418875 0.022109375 0.06639583333333333
0 0.5124375 0.4157708333333333 0.020546875 0.0440625
0 0.495234375 0.40950000000000003 0.01428125 0.051812500000000004
0 0.052953125000000004 0.4449166666666667 0.054656249999999997 0.13097916666666667