0 0.056499999999999995 0.4598333333333333 0.03628125 0.14525
0 0.205359375 0.43662500000000004 0.052765625000000003 0.18216666666666667
0 0.241859375 0.45099999999999996 0.04165625 0.1491875
0 0.27332812500000003 0.4358125 0.027828125 0.1616875
0 0.34696875 0.43493750000000003 0.039109375 0.145625
0 0.388484375 0.4315 0.0385625 0.14354166666666668
0 0.47418750000000004 0.42216666666666663 0.025687500000000002 0.12052083333333334
0 0.5085625 0.41810416666666667 0.021625 0.12866666666666665
0 0.538921875 0.42452083333333335 0.023421875 0.112875
0 0.45187499999999997 0.4255833333333333 0.025703125 0.1184375
0 0.888421875 0.40518750000000003 0.032734374999999996 0.080625