0 0.9164218749999999 0.43664583333333334 0.066015625 0.19412500000000002
0 0.7734062500000001 0.447 0.060625 0.24352083333333333
0 0.694484375 0.42512500000000003 0.04971875 0.14558333333333331
0 0.560875 0.42202083333333335 0.032578125 0.09347916666666665
0 0.481953125 0.42825 0.05292187499999999 0.1143125
0 0.528046875 0.42512500000000003 0.03571875 0.10806249999999999
0 0.421 0.4293125 0.0404375 0.10389583333333333
0 0.37021875 0.418875 0.023609375 0.09139583333333333
0 0.3913125 0.41785416666666664 0.018578125 0.08097916666666666
0 0.284265625 0.4282708333333333 0.023578125 0.07681249999999999
0 0.333484375 0.41472916666666665 0.027984375 0.07889583333333333
0 0.307703125 0.4230625 0.020453125 0.0830625