0 0.0395625 0.4480625 0.03646875 0.15308333333333335
0 0.21407812499999998 0.44020833333333337 0.067640625 0.16820833333333332
0 0.072125 0.42283333333333334 0.03384375 0.116125
0 0.126828125 0.4237083333333333 0.03390625 0.09006249999999999
0 0.3286875 0.4549583333333333 0.09909375000000001 0.20466666666666666
0 0.6269218750000001 0.465375 0.088796875 0.25677083333333334
0 0.4686875 0.4202291666666667 0.032734374999999996 0.10395833333333333
0 0.40812499999999996 0.4271875 0.046734375 0.1386875
0 0.36906249999999996 0.4315208333333333 0.031390625 0.13002083333333334
0 0.516875 0.4237083333333333 0.0249375 0.09354166666666666
0 0.54096875 0.4141666666666667 0.028453125000000003 0.09877083333333332
0 0.7779843750000001 0.41935416666666664 0.041390625 0.1578125
0 0.755203125 0.434125 0.035453125 0.1560625
0 0.698546875 0.4158958333333333 0.031515625000000005 0.116125
0 0.721984375 0.4158958333333333 0.02578125 0.11960416666666666
0 0.17175 0.4263333333333333 0.024796875 0.06402083333333333