0 0.0834375 0.4793125 0.043703124999999995 0.141375
0 0.031875 0.47310416666666666 0.040671875 0.12954166666666667
0 0.133453125 0.48035416666666664 0.049921875 0.147625
0 0.20534375 0.48035416666666664 0.056374999999999995 0.15179166666666666
0 0.412421875 0.481375 0.070515625 0.1955625
0 0.5843125 0.47825 0.05443750000000001 0.19347916666666667
0 0.53821875 0.4886875 0.050249999999999996 0.18514583333333334
0 0.479609375 0.4386875 0.029484375 0.09764583333333333
0 0.644484375 0.4605416666666667 0.059109375 0.18306250000000002
0 0.7476406250000001 0.47825 0.078453125 0.21433333333333332
0 0.44365625 0.4574375 0.038875 0.1143125
0 0.801546875 0.46575 0.066859375 0.18514583333333334