0 0.095953125 0.43350000000000005 0.0313125 0.09616666666666666
0 0.034203125 0.4438958333333333 0.03278125 0.08722916666666666
0 0.0128125 0.44183333333333336 0.025640625 0.08366666666666665
0 0.23737499999999997 0.44912500000000005 0.0548125 0.11910416666666666
0 0.424140625 0.4658125 0.078328125 0.20664583333333333
0 0.5280625 0.4595 0.058046875 0.17264583333333333
0 0.495234375 0.44808333333333333 0.02678125 0.1211875
0 0.32020312500000003 0.4439166666666667 0.03609375 0.07949999999999999
0 0.278796875 0.43764583333333335 0.025140625 0.06220833333333333
0 0.744515625 0.44914583333333336 0.0378125 0.13160416666666666
0 0.808578125 0.437625 0.04409375 0.14975
0 0.942984375 0.443875 0.053531249999999996 0.15808333333333333
0 0.70075 0.42720833333333336 0.022171875 0.10806249999999999
0 0.656203125 0.431375 0.03309375 0.09139583333333333
0 0.564 0.43347916666666664 0.029453125000000004 0.0955625