0 0.937296875 0.49543750000000003 0.090296875 0.2908541666666667
0 0.836078125 0.48114583333333333 0.073140625 0.26227083333333334
0 0.7728125 0.4978125 0.051515624999999995 0.24800000000000003
0 0.669484375 0.44004166666666666 0.027875 0.1324375
0 0.70540625 0.42391666666666666 0.038640625 0.12597916666666667
0 0.5564375 0.45925 0.054015625 0.20360416666666667
0 0.5064375 0.46870833333333334 0.054890625000000005 0.20604166666666668
0 0.31996875 0.4672708333333333 0.0520625 0.16610416666666666
0 0.255015625 0.44762500000000005 0.04271875 0.114875
0 0.16796875 0.461625 0.056125 0.14883333333333332
0 0.017687500000000002 0.4799375 0.035359375 0.15270833333333333
0 0.055046874999999995 0.442375 0.026875 0.09381250000000001