0 0.0475 0.47831250000000003 0.0719375 0.13995833333333335
0 0.10921875 0.4657708333333333 0.051500000000000004 0.14347916666666669
0 0.168609375 0.4751458333333333 0.038984375 0.13304166666666667
0 0.3319375 0.45847916666666666 0.031406250000000004 0.091375
0 0.399125 0.4793125 0.0470625 0.18306250000000002
0 0.49210937499999996 0.4730416666666667 0.051359375 0.18306250000000002
0 0.451484375 0.4699375 0.04240625 0.17683333333333331
0 0.6562187500000001 0.4345 0.05496875 0.13514583333333335
0 0.8461093749999999 0.5584583333333334 0.187890625 0.39141666666666663
0 0.9713906250000001 0.4240833333333333 0.05096874999999999 0.13097916666666667
0 0.746859375 0.4553333333333333 0.051890625 0.18516666666666665
0 0.787484375 0.45845833333333336 0.04878125 0.20391666666666666