0 0.171046875 0.492 0.070515625 0.33897916666666666
0 0.385921875 0.5101875 0.118984375 0.3115
0 0.565796875 0.5182708333333333 0.11081250000000001 0.4028958333333333
0 0.716609375 0.4856458333333334 0.100859375 0.34872916666666665
0 0.941796875 0.44564583333333335 0.054671875 0.16202083333333334
0 0.8314843749999999 0.41318750000000004 0.0393125 0.12304166666666667
0 0.50590625 0.4109583333333333 0.03396875 0.10747916666666667
0 0.655046875 0.41318750000000004 0.0489375 0.13414583333333333
0 0.317390625 0.40985416666666663 0.0194375 0.09414583333333333
0 0.0704375 0.41956249999999995 0.031796875 0.0746875
0 0.315296875 0.4078958333333333 0.0319375 0.10691666666666667