0 0.097078125 0.473625 0.08865625 0.30370833333333336
0 0.137859375 0.48854166666666665 0.14575 0.4071458333333334
0 0.8602343749999999 0.43539583333333337 0.087203125 0.29675
0 0.968765625 0.42264583333333333 0.057734375000000004 0.18327083333333333
0 0.7795156249999999 0.38095833333333334 0.03678125 0.14620833333333336
0 0.523359375 0.38789583333333333 0.045406249999999995 0.15083333333333335
0 0.637109375 0.36475 0.0298125 0.08133333333333333
0 0.68571875 0.36475 0.022890625 0.09522916666666667
0 0.706546875 0.3705 0.025718750000000002 0.09233333333333334
0 0.570234375 0.3728125 0.02459375 0.07443749999999999
0 0.399203125 0.3890625 0.026250000000000002 0.1068125
0 0.47821875 0.37283333333333335 0.024546875000000003 0.051229166666666666
0 0.49557812500000004 0.37745833333333334 0.017125 0.06916666666666667
0 0.34971874999999997 0.3797916666666667 0.017546875 0.055875
0 0.33409374999999997 0.38325000000000004 0.024484375 0.06283333333333334
0 0.29674999999999996 0.38325000000000004 0.025875 0.07147916666666668
0 0.25768749999999996 0.3797916666666667 0.031406250000000004 0.07902083333333333
0 0.02240625 0.38675 0.033046874999999996 0.0975625
0 0.04496875 0.3843958333333333 0.029453125000000004 0.0876875