0 0.835171875 0.6065833333333334 0.322265625 0.7214791666666667
0 0.200640625 0.42614583333333333 0.0499375 0.1601875
0 0.384265625 0.4345 0.05142187499999999 0.13516666666666666
0 0.50303125 0.42512500000000003 0.03575 0.12477083333333333
0 0.6351093750000001 0.4136666666666667 0.050249999999999996 0.11435416666666667
0 0.71559375 0.431375 0.07373437499999999 0.14560416666666667
0 0.12562500000000001 0.43241666666666667 0.040578125 0.12683333333333333
0 0.561640625 0.4105625 0.022093750000000002 0.07529166666666667
0 0.546796875 0.41575 0.02678125 0.0685
0 0.585859375 0.4105416666666667 0.02009375 0.09560416666666667
0 0.9046875 0.3959375 0.036296875 0.09560416666666667
0 0.076390625 0.4240833333333333 0.03278125 0.081
0 0.042796875 0.41470833333333335 0.03440625 0.10810416666666667