0 0.78209375 0.438875 0.07328124999999999 0.23885416666666667
0 0.68571875 0.40412499999999996 0.03678125 0.14620833333333336
0 0.10489062499999999 0.4284375 0.0521875 0.14854166666666666
0 0.13873437500000002 0.42954166666666665 0.05371875 0.14091666666666666
0 0.24118750000000003 0.40060416666666665 0.0363125 0.07841666666666666
0 0.355796875 0.39133333333333337 0.03628125 0.0969375
0 0.27765625 0.3890416666666667 0.02240625 0.059895833333333336
0 0.29328125 0.3925 0.029359375 0.07147916666666668
0 0.15696875 0.3855625 0.031140624999999998 0.08072916666666667
0 0.208203125 0.3843958333333333 0.0224375 0.06452083333333333
0 0.18128125 0.387875 0.017484375 0.07147916666666668
0 0.420046875 0.38789583333333333 0.026265624999999997 0.058208333333333334
0 0.379234375 0.39135416666666667 0.024109375 0.05064583333333333
0 0.59021875 0.3948541666666667 0.026328125 0.08135416666666666
0 0.651859375 0.3855625 0.017671875 0.06220833333333333
0 0.666625 0.3925 0.01940625 0.08997916666666667
0 0.9053906250000001 0.40527083333333336 0.028187499999999997 0.13
0 0.9296875 0.40870833333333334 0.02390625 0.12704166666666666
0 0.9809218749999999 0.4029583333333333 0.01953125 0.10685416666666667
0 0.48603125 0.3867291666666667 0.033234375 0.051250000000000004