0 0.33332812500000003 0.4575208333333334 0.04921875 0.17002083333333334
0 0.44132812499999996 0.43552083333333336 0.028499999999999998 0.11285416666666667
0 0.560171875 0.4401041666666667 0.026250000000000002 0.09533333333333333
0 0.618296875 0.442875 0.0475 0.15647916666666667
0 0.742234375 0.44704166666666667 0.02878125 0.12035416666666668
0 0.7015 0.41402083333333334 0.021015625 0.0858125
0 0.8186875 0.4326041666666667 0.038390625 0.13814583333333333
0 0.902109375 0.4421875 0.031953125 0.1661875
0 0.49028124999999995 0.42733333333333334 0.01809375 0.06533333333333333
0 0.017640625 0.45695833333333336 0.032421875 0.13556249999999997
0 0.30509375 0.44277083333333334 0.02403125 0.11277083333333333