0 0.223109375 0.45327083333333335 0.04584375 0.12025
0 0.366171875 0.44316666666666665 0.041796875 0.1238125
0 0.43803125 0.46310416666666665 0.033734375 0.19347916666666667
0 0.517046875 0.46008333333333334 0.031453125 0.1578125
0 0.48612500000000003 0.44479166666666664 0.033953125 0.11816666666666667
0 0.7437968749999999 0.4485208333333333 0.029203125000000003 0.122625
0 0.8019375 0.4396875 0.035312500000000004 0.1360833333333333
0 0.946015625 0.44535416666666666 0.03959375 0.1545416666666667
0 0.555546875 0.4298958333333333 0.025453125 0.08837500000000001
0 0.724375 0.42274999999999996 0.030546875 0.09789583333333333
0 0.705078125 0.42589583333333336 0.029875000000000002 0.10116666666666667
0 0.6625625 0.4281041666666667 0.027437499999999997 0.07289583333333334