0 0.6640312500000001 0.4095416666666667 0.054984374999999995 0.13991666666666666
0 0.7304375000000001 0.40120833333333333 0.0378125 0.16077083333333334
0 0.55540625 0.40741666666666665 0.03775 0.13933333333333334
0 0.487421875 0.42825 0.051359375 0.16016666666666665
0 0.35535937500000003 0.40950000000000003 0.03421875 0.10600000000000001
0 0.38271875 0.4053333333333333 0.032640625 0.09766666666666667
0 0.2795625 0.41575 0.0326875 0.10597916666666667
0 0.322546875 0.400125 0.027984375 0.07889583333333333
0 0.22565624999999997 0.40741666666666665 0.037390625 0.10183333333333335
0 0.149078125 0.4084583333333333 0.031171874999999998 0.07889583333333333
0 0.124859375 0.4126458333333333 0.029765625 0.0705625