0 0.86875 0.4448958333333334 0.08006250000000001 0.2685208333333333
0 0.813265625 0.41783333333333333 0.03471875 0.156
0 0.74371875 0.41783333333333333 0.048140625 0.16016666666666665
0 0.530390625 0.431375 0.04353125 0.1330625
0 0.5655625 0.41783333333333333 0.038828125000000005 0.1143125
0 0.59446875 0.41991666666666666 0.034125 0.11014583333333333
0 0.628078125 0.40325 0.029421874999999997 0.12266666666666667
0 0.46476562499999996 0.42514583333333333 0.04084375 0.10389583333333333
0 0.31629687500000003 0.42410416666666667 0.02828125 0.08097916666666666
0 0.344421875 0.41679166666666667 0.027968749999999997 0.09139583333333333
0 0.369421875 0.41575 0.027968749999999997 0.08514583333333332
0 0.399125 0.41470833333333335 0.027953125000000002 0.0955625
0 0.421 0.41470833333333335 0.0248125 0.08722916666666666
0 0.43896875 0.4188958333333333 0.02325 0.09139583333333333
0 0.9721718750000001 0.43979166666666664 0.05565625 0.24206249999999999