0 0.8062343750000001 0.46679166666666666 0.048109374999999996 0.18722916666666667
0 0.7632656250000001 0.4730416666666667 0.06284375 0.24141666666666667
0 0.69996875 0.46991666666666665 0.05500000000000001 0.21433333333333332
0 0.610875 0.47408333333333336 0.05443750000000001 0.21016666666666667
0 0.5515 0.48452083333333335 0.0486875 0.18097916666666666
0 0.420203125 0.47308333333333336 0.058078125 0.18795833333333334
0 0.25221875 0.4834791666666666 0.053015625 0.17472916666666669
0 0.113125 0.47722916666666665 0.0468125 0.14554166666666665
0 0.471796875 0.45118749999999996 0.029484375 0.1143125
0 0.5061718749999999 0.43554166666666666 0.03571875 0.12475
0 0.6585625 0.4449166666666667 0.053421874999999994 0.15183333333333332