0 0.6580781250000001 0.40408333333333335 0.028687499999999998 0.09166666666666666
0 0.6125625 0.4046666666666667 0.02740625 0.11060416666666667
0 0.3450625 0.39979166666666666 0.022140625 0.04877083333333333
0 0.380453125 0.4010208333333333 0.021234375 0.04877083333333333
0 0.40021874999999996 0.4071458333333334 0.014796875000000001 0.043875
0 0.5335156249999999 0.38875 0.009343750000000001 0.0463125
0 0.5454687500000001 0.38875 0.012718750000000001 0.0493125
0 0.566140625 0.3868958333333333 0.01915625 0.053000000000000005
0 0.589125 0.3868958333333333 0.017296875 0.06035416666666667
0 0.48157812499999997 0.39670833333333333 0.0155 0.043187500000000004
0 0.45582812500000003 0.3875208333333333 0.01 0.034604166666666665
0 0.44985937500000006 0.38875 0.014828125000000001 0.029145833333333333