0 0.01603125 0.4657916666666667 0.032046875 0.15716666666666665
0 0.0873125 0.46266666666666667 0.046578125 0.14197916666666668
0 0.22868750000000002 0.4322916666666667 0.0369375 0.18841666666666665
0 0.264171875 0.44895833333333335 0.023078124999999998 0.16222916666666667
0 0.37353125 0.43200000000000005 0.027515625 0.15804166666666666
0 0.415046875 0.4325833333333333 0.039109375 0.14733333333333334
0 0.9223281249999999 0.4013333333333333 0.031359375 0.09075000000000001
0 0.558328125 0.4239583333333333 0.03103125 0.12410416666666667
0 0.530875 0.4233541666666667 0.019875 0.1467291666666667
0 0.5055468750000001 0.42604166666666665 0.016984375 0.11039583333333333
0 0.46548437500000006 0.4230625 0.014984375 0.11635416666666668
0 0.48835937500000004 0.4239583333333333 0.013859374999999998 0.12410416666666667