0 0.119015625 0.48804166666666665 0.099015625 0.27120833333333333
0 0.86134375 0.49324999999999997 0.138375 0.3545833333333333
0 0.518171875 0.43066666666666664 0.03496875 0.11091666666666668
0 0.699203125 0.4280416666666667 0.0328125 0.1404375
0 0.74934375 0.4610416666666667 0.03934375 0.16818750000000002
0 0.47584375 0.43239583333333337 0.03925 0.11089583333333333
0 0.55984375 0.42110416666666667 0.034953125 0.08485416666666666
0 0.035812500000000004 0.47145833333333337 0.07162500000000001 0.2063958333333333
0 0.426765625 0.4187083333333333 0.0200625 0.06845833333333333
0 0.722984375 0.4205625 0.0244375 0.12477083333333333
0 0.941796875 0.3998125 0.027328124999999998 0.09866666666666667