0 0.983578125 0.3984375 0.032859375 0.26683333333333337
0 0.76034375 0.429625 0.069859375 0.2055625
0 0.8098281249999999 0.414 0.043796875 0.229875
0 0.678890625 0.3794791666666667 0.034296875 0.12533333333333332
0 0.5650000000000001 0.38106249999999997 0.02384375 0.093125
0 0.5422343749999999 0.3681041666666667 0.01575 0.049958333333333334
0 0.517015625 0.3714166666666667 0.017859375 0.03575
0 0.349375 0.3875208333333333 0.020640625000000003 0.04525
0 0.36926562500000004 0.3803958333333333 0.024906249999999998 0.042874999999999996
0 0.388078125 0.38512500000000005 0.015578125000000002 0.04664583333333334
0 0.40620312500000005 0.3832291666666666 0.012015625 0.042874999999999996
0 0.42325 0.38514583333333335 0.010734375 0.0348125
0 0.44171875 0.3728125 0.0063125 0.023916666666666666
0 0.43460937499999996 0.37045833333333333 0.00646875 0.024874999999999998