0 0.03421875 0.40745833333333337 0.045359375 0.08989583333333333
0 0.1240625 0.5136458333333334 0.143703125 0.426875
0 0.554609375 0.5490625 0.195109375 0.4643541666666666
0 0.60696875 0.5324166666666666 0.08725000000000001 0.3768333333333333
0 0.661671875 0.4584375 0.080984375 0.2539375
0 0.2764375 0.40741666666666665 0.029562500000000002 0.06847916666666666
0 0.23971874999999998 0.4126666666666667 0.028249999999999997 0.07531249999999999
0 0.6155781250000001 0.4032708333333333 0.023703125 0.08572916666666666
0 0.71715625 0.4084583333333333 0.057515625 0.12475
0 0.86171875 0.4356041666666667 0.055906250000000005 0.1586875
0 0.9393593750000001 0.47302083333333333 0.12128125000000001 0.30393749999999997
0 0.48978124999999995 0.41370833333333334 0.04396875 0.11908333333333333
0 0.911734375 0.3636875 0.034765625 0.08570833333333333