0 0.732421875 0.41860416666666667 0.046609374999999995 0.14910416666666665
0 0.8194687500000001 0.4036666666666667 0.03821875 0.173625
0 0.866 0.39279166666666665 0.04559375 0.1685625
0 0.56078125 0.4206875 0.038171875 0.164
0 0.618375 0.39964583333333337 0.043078125 0.137
0 0.334703125 0.41441666666666666 0.036890624999999996 0.10981250000000001
0 0.286265625 0.4062291666666667 0.03378125 0.10235416666666668
0 0.179578125 0.4129375 0.025765624999999997 0.05322916666666667
0 0.20368750000000002 0.4155833333333333 0.024234375 0.07835416666666667
0 0.409578125 0.40218750000000003 0.016468749999999997 0.11110416666666666
0 0.43624999999999997 0.4029375 0.032328125 0.08877083333333333