0 0.061375 0.468625 0.039921875 0.1478125
0 0.18803125 0.45566666666666666 0.051765625 0.14202083333333335
0 0.307078125 0.43022916666666666 0.019921875 0.11785416666666666
0 0.372171875 0.4605208333333334 0.0418125 0.17395833333333333
0 0.5785 0.46954166666666663 0.064578125 0.20314583333333333
0 0.632984375 0.45549999999999996 0.04521875 0.20620833333333335
0 0.734734375 0.43564583333333334 0.027125 0.12645833333333334
0 0.772859375 0.4246875 0.030046875 0.10675
0 0.8086874999999999 0.441625 0.04171875 0.1673125
0 0.85315625 0.4987083333333333 0.042359375 0.228125
0 0.9219062499999999 0.485375 0.079875 0.2881458333333333