0 0.9829687500000001 0.4110625 0.0340625 0.16472916666666665
0 0.8663125 0.48404166666666665 0.11674999999999999 0.2967708333333333
0 0.691796875 0.41802083333333334 0.028109375 0.1323125
0 0.6753125 0.43885416666666666 0.0333125 0.09064583333333333
0 0.7109062500000001 0.39947916666666666 0.028109375 0.10452083333333334
0 0.95921875 0.3890625 0.038625 0.09293749999999999
0 0.612796875 0.46897916666666667 0.071484375 0.26666666666666666
0 0.5173125 0.4122291666666667 0.0298125 0.12072916666666668
0 0.570265625 0.4075833333333333 0.02809375 0.09758333333333334
0 0.54509375 0.4029583333333333 0.036765625 0.0883125
0 0.42006249999999995 0.5593125000000001 0.19303125000000002 0.475125
0 0.470421875 0.5441666666666667 0.14095312499999998 0.4216666666666667
0 0.218640625 0.5233333333333333 0.19640625 0.37997916666666665
0 0.1639375 0.43066666666666664 0.05225 0.13910416666666667
0 0.033703125 0.4086458333333333 0.031359375 0.09970833333333333
0 0.09275 0.4237083333333333 0.038328125000000005 0.1113125