0 0.271984375 0.41520833333333335 0.047171875 0.12904166666666667
0 0.04146875 0.41000000000000003 0.039265625 0.09083333333333334
0 0.86453125 0.4099583333333333 0.059390624999999996 0.194
0 0.7968124999999999 0.4307916666666667 0.044765624999999996 0.18008333333333332
0 0.914015625 0.41689583333333335 0.043734375 0.17314583333333333
0 0.610578125 0.40302083333333333 0.047296875 0.1036875
0 0.493671875 0.41158333333333336 0.051359375 0.11850000000000001
0 0.734359375 0.41158333333333336 0.033125 0.11016666666666668
0 0.69684375 0.40016666666666667 0.023734375 0.1003125
0 0.56478125 0.39908333333333335 0.024765625 0.08933333333333333
0 0.948453125 0.39495833333333336 0.035546875 0.11072916666666667