0 0.9114218749999999 0.4540416666666667 0.086484375 0.32241666666666663
0 0.970328125 0.4349166666666667 0.059359375000000006 0.29808333333333337
0 0.7616562499999999 0.388 0.0369375 0.10702083333333333
0 0.59365625 0.3932083333333333 0.0290625 0.10354166666666667
0 0.565484375 0.37877083333333333 0.015140625 0.050291666666666665
0 0.5387500000000001 0.3831875 0.015734375000000002 0.043062500000000004
0 0.45759375 0.392 0.010890625 0.03345833333333333
0 0.47623437500000004 0.38997916666666665 0.01075 0.042687499999999996
0 0.423640625 0.3939791666666667 0.01496875 0.04589583333333334
0 0.399296875 0.39479166666666665 0.013171875 0.04108333333333333
0 0.35090625000000003 0.39481249999999996 0.012656249999999999 0.04066666666666666
0 0.374640625 0.39558333333333334 0.011984375 0.042687499999999996
0 0.363828125 0.39237500000000003 0.00965625 0.04108333333333333