0 0.49598437500000003 0.5021041666666667 0.125390625 0.41391666666666665
0 0.626203125 0.49502083333333335 0.093359375 0.301625
0 0.1026875 0.5524791666666666 0.140875 0.4799375
0 0.184703125 0.5418958333333334 0.13779687499999999 0.41620833333333335
0 0.411328125 0.4795 0.086296875 0.320125
0 0.9356562500000001 0.5106458333333334 0.128703125 0.3884166666666667
0 0.283703125 0.42216666666666663 0.054984374999999995 0.15683333333333332
0 0.2368125 0.4186875 0.044546875 0.12210416666666667
0 0.014796875000000001 0.4214791666666667 0.029578125 0.12075
0 0.033687499999999995 0.4157083333333333 0.024375 0.10914583333333333
0 0.36534374999999997 0.42262500000000003 0.0175625 0.072125
0 0.776890625 0.41454166666666664 0.04203125 0.1438958333333333
0 0.707421875 0.40412499999999996 0.03853125 0.10452083333333334
0 0.656203125 0.396 0.022875 0.0883125
0 0.5450781250000001 0.40410416666666665 0.02284375 0.07672916666666667
0 0.569375 0.3925416666666666 0.01590625 0.09525
0 0.90278125 0.4284375 0.0438125 0.18095833333333333
0 0.5945625 0.3925416666666666 0.028078125 0.12766666666666668