0 0.8372031249999999 0.5351041666666667 0.167203125 0.4313125
0 0.743421875 0.460375 0.06298437500000001 0.27497916666666666
0 0.972640625 0.4656041666666667 0.052640624999999996 0.29233333333333333
0 0.021421875 0.42737499999999995 0.042859375 0.1603125
0 0.607984375 0.42737499999999995 0.036875000000000005 0.13945833333333332
0 0.6730937499999999 0.40822916666666664 0.03690625 0.1210625
0 0.054468749999999996 0.420375 0.044078125 0.10366666666666666
0 0.8801718749999999 0.4013333333333333 0.044796875 0.16377083333333334
0 0.5655625 0.4053541666666666 0.0268125 0.08989583333333333
0 0.495234375 0.412625 0.02009375 0.06639583333333333
0 0.30848437500000003 0.4105416666666667 0.021734375 0.0705625