0 0.04384375 0.4327708333333333 0.04109375 0.11175
0 0.098515625 0.42424999999999996 0.048171874999999996 0.10606249999999999
0 0.175921875 0.40908333333333335 0.043875 0.1553125
0 0.20573437499999997 0.4270833333333333 0.038171875 0.11552083333333334
0 0.21993749999999998 0.40908333333333335 0.021140625 0.10985416666666666
0 0.23698437499999997 0.412875 0.029640624999999997 0.125
0 0.3023125 0.41477083333333337 0.035296875 0.11364583333333332
0 0.326453125 0.40908333333333335 0.03571875 0.11364583333333332
0 0.4066875 0.4071875 0.025312499999999998 0.09468750000000001
0 0.46420312499999994 0.4109791666666667 0.035234375 0.11364583333333332
0 0.444328125 0.4071875 0.023875 0.08333333333333333
0 0.489765625 0.4109791666666667 0.026703125 0.09091666666666667