0 0.13840625 0.49008333333333337 0.07956250000000001 0.3158541666666667
0 0.226125 0.5008333333333334 0.16015625 0.40368750000000003
0 0.5043124999999999 0.39910416666666665 0.063625 0.15475
0 0.550515625 0.39727083333333335 0.035921875 0.14654166666666668
0 0.76990625 0.38852083333333337 0.050171875 0.13062500000000002
0 0.858953125 0.4358958333333333 0.072015625 0.29083333333333333
0 0.9673281250000001 0.4185416666666667 0.0483125 0.1724166666666667
0 0.707984375 0.3754166666666666 0.02228125 0.08060416666666666
0 0.68934375 0.3781041666666667 0.0185 0.08
0 0.39518749999999997 0.3853958333333333 0.028390625000000003 0.091625
0 0.4399375 0.38699999999999996 0.036125000000000004 0.10456249999999999