0 0.163234375 0.46418750000000003 0.036140624999999996 0.15002083333333335
0 0.23729687500000002 0.4490208333333333 0.036328125 0.11139583333333333
0 0.2925 0.4713541666666667 0.040749999999999995 0.15783333333333335
0 0.0435625 0.44306249999999997 0.032218750000000004 0.09666666666666666
0 0.49675 0.48010416666666667 0.059343749999999994 0.21535416666666668
0 0.53403125 0.4626041666666667 0.030609375 0.18925
0 0.6488125 0.439 0.021890625 0.11979166666666667
0 0.6828593749999999 0.4317708333333333 0.026687499999999996 0.123125
0 0.751078125 0.49433333333333335 0.045156249999999995 0.24089583333333334
0 0.8200312500000001 0.49483333333333335 0.054421874999999995 0.23591666666666666
0 0.91034375 0.507875 0.080078125 0.2597916666666667
0 0.9644999999999999 0.4657916666666667 0.038421875 0.21341666666666667
0 0.8823124999999999 0.4293125 0.01596875 0.1330625
0 0.86190625 0.43014583333333334 0.025140625 0.14027083333333332