0 0.038203125 0.4092291666666667 0.035546875 0.08739583333333334
0 0.09715625 0.411125 0.02278125 0.07225
0 0.12698437499999998 0.4120416666666667 0.031203124999999998 0.07741666666666666
0 0.1639375 0.41583333333333333 0.02834375 0.06983333333333334
0 0.22145312499999997 0.5569166666666666 0.12351562499999999 0.47708333333333336
0 0.32232812499999997 0.539875 0.11778124999999999 0.3975208333333333
0 0.4011875 0.5171458333333333 0.122015625 0.40510416666666665
0 0.510578125 0.477375 0.10778125000000001 0.2725208333333333
0 0.7286718750000001 0.4934791666666667 0.098328125 0.2933541666666667
0 0.8885156249999999 0.4357083333333333 0.0571875 0.15887500000000002
0 0.633484375 0.4101458333333333 0.060843749999999995 0.13047916666666667
0 0.8181875 0.4139791666666667 0.06425 0.1385625
0 0.566703125 0.41583333333333333 0.046656249999999996 0.1266875
0 0.43529687499999997 0.40070833333333333 0.02290625 0.08549999999999999
0 0.6143125 0.40070833333333333 0.022984375 0.07414583333333334
0 0.9602656250000001 0.38831249999999995 0.02734375 0.08375
0 0.9856093749999999 0.38366666666666666 0.028765625 0.07408333333333333
0 0.9396093750000001 0.38554166666666667 0.0201875 0.074125