0 0.71203125 0.4231875 0.048296875 0.1430625
0 0.789625 0.40299999999999997 0.031921875 0.15010416666666665
0 0.8443125 0.40397916666666667 0.0413125 0.1565
0 0.5950624999999999 0.412875 0.037703125 0.12758333333333333
0 0.539234375 0.42847916666666663 0.042296875 0.15916666666666668
0 0.423203125 0.4095625 0.031078125 0.08802083333333334
0 0.393734375 0.4123541666666667 0.028375 0.10470833333333333
0 0.316453125 0.42083333333333334 0.027984375 0.10777083333333333
0 0.268640625 0.4217916666666667 0.021953125 0.10137499999999999
0 0.188765625 0.41152083333333334 0.018421874999999997 0.08635416666666668
0 0.156890625 0.41402083333333334 0.0171875 0.0746875
0 0.246359375 0.40554166666666663 0.023203124999999998 0.08275
0 0.358625 0.40095833333333336 0.026921875 0.07635416666666667