0 0.16909375 0.4655833333333333 0.06015625 0.16729166666666667
0 0.244625 0.4620625 0.06484375 0.16616666666666668
0 0.41003125 0.44468749999999996 0.073265625 0.2148125
0 0.454296875 0.44468749999999996 0.06737499999999999 0.173125
0 0.48034375 0.44468749999999996 0.067359375 0.19397916666666667
0 0.5480625 0.4307916666666667 0.0465 0.20093750000000002
0 0.589734375 0.43427083333333333 0.062109375 0.20091666666666666
0 0.6235937500000001 0.420375 0.05689062499999999 0.17314583333333333
0 0.661359375 0.4255833333333333 0.038640625 0.15577083333333333
0 0.7004374999999999 0.42906249999999996 0.059453124999999996 0.16966666666666666
0 0.742109375 0.4307916666666667 0.0594375 0.15229166666666666