0 0.102671875 0.42731250000000004 0.02703125 0.11233333333333334
0 0.20584375000000002 0.42756249999999996 0.03025 0.08877083333333333
0 0.44457812499999994 0.4282916666666667 0.030546875 0.12066666666666667
0 0.47768750000000004 0.42720833333333336 0.031828125 0.12989583333333335
0 0.53640625 0.4285625 0.040625 0.16083333333333333
0 0.644671875 0.41225 0.024484375 0.12066666666666667
0 0.717796875 0.43704166666666666 0.05896875 0.21347916666666666
0 0.782703125 0.41787500000000005 0.039718750000000004 0.18637499999999999
0 0.82259375 0.4218958333333333 0.048734375 0.19497916666666668
0 0.8962031250000001 0.49804166666666666 0.07321875 0.30185416666666665
0 0.945734375 0.4136458333333334 0.038421875 0.1709375