0 0.099859375 0.43350000000000005 0.039140625 0.10033333333333333
0 0.16628125 0.4595 0.059484375 0.16014583333333335
0 0.48117187499999997 0.4365833333333333 0.039281250000000004 0.131
0 0.75153125 0.4761666666666667 0.060625 0.20597916666666669
0 0.7030937500000001 0.4345 0.039375 0.14766666666666667
0 0.57259375 0.42304166666666665 0.043515625 0.10391666666666667
0 0.4335 0.41783333333333333 0.027937499999999997 0.07264583333333333
0 0.399125 0.4209791666666666 0.0251875 0.06639583333333333
0 0.35145312500000003 0.4209791666666666 0.02015625 0.0580625
0 0.788265625 0.4292916666666667 0.037171875 0.12891666666666668
0 0.930484375 0.40220833333333333 0.028515625 0.08725000000000001