0 0.06390625 0.4637291666666667 0.070375 0.19414583333333332
0 0.0975 0.41679166666666667 0.0343125 0.11641666666666667
0 0.262390625 0.4261666666666667 0.039203125 0.08514583333333332
0 0.44914062499999996 0.4209583333333333 0.034578125 0.12058333333333333
0 0.493671875 0.42825 0.04196875 0.156
0 0.33582812500000003 0.406375 0.03578125 0.07891666666666668
0 0.591359375 0.4084583333333333 0.034640625 0.12058333333333333
0 0.647609375 0.40325 0.049734375 0.12685416666666666
0 0.716375 0.4345 0.059078125 0.2101875
0 0.7867031250000001 0.4709583333333333 0.0684375 0.24558333333333332
0 0.835140625 0.40950000000000003 0.04965625 0.15602083333333333
0 0.9320468749999999 0.38345833333333335 0.030875000000000003 0.1039375
0 0.38271875 0.4053333333333333 0.029515625 0.07266666666666667
0 0.421 0.40741666666666665 0.0248125 0.081