0 0.854125 0.45229166666666665 0.07082812499999999 0.263375
0 0.9153125 0.4330833333333333 0.07760937500000001 0.28891666666666665
0 0.7355937499999999 0.40358333333333335 0.030796875 0.1256875
0 0.595515625 0.3954166666666667 0.02425 0.09745833333333334
0 0.566390625 0.3799166666666667 0.011859375 0.042458333333333334
0 0.540203125 0.38354166666666667 0.0155 0.03985416666666666
0 0.43315625 0.3945 0.01259375 0.04039583333333333
0 0.45620312500000004 0.39085416666666667 0.0118125 0.0414375
0 0.37259375 0.39606250000000004 0.016468749999999997 0.049770833333333334
0 0.38079687500000003 0.39499999999999996 0.0124375 0.05025
0 0.41010937500000005 0.3955416666666667 0.013359375000000001 0.04039583333333333
0 0.40268750000000003 0.39445833333333336 0.011015625 0.044645833333333336
0 0.360875 0.3934375 0.01490625 0.042979166666666666