0 0.23146874999999997 0.42568750000000005 0.024671875 0.08691666666666667
0 0.5425625000000001 0.4202708333333333 0.02396875 0.10664583333333333
0 0.57225 0.4109375 0.03540625 0.1036875
0 0.6485937500000001 0.4131458333333333 0.026468750000000003 0.11037499999999999
0 0.695578125 0.4099583333333333 0.0304375 0.10841666666666666
0 0.7180625 0.41174999999999995 0.027109375 0.11870833333333333
0 0.794203125 0.39966666666666667 0.039421875 0.1123125
0 0.907828125 0.426625 0.03990625 0.16397916666666665
0 0.945953125 0.43564583333333334 0.038 0.19314583333333332
0 0.977640625 0.42620833333333336 0.04471875 0.16760416666666667
0 0.873984375 0.4306875 0.032625 0.10804166666666666
0 0.508828125 0.4016458333333333 0.023140625 0.05272916666666667
0 0.477890625 0.39939583333333334 0.01996875 0.06285416666666667