0 0.22096875 0.42308333333333337 0.047 0.1045
0 0.44210937499999997 0.430375 0.042390625 0.12325
0 0.524140625 0.42512500000000003 0.05603125 0.16641666666666666
0 0.6257343750000001 0.41470833333333335 0.049734375 0.11641666666666667
0 0.7187187500000001 0.43239583333333337 0.060640625000000004 0.2226875
0 0.788265625 0.4188541666666667 0.055937499999999994 0.19977083333333334
0 0.857796875 0.49491666666666667 0.07934375 0.2935
0 0.91171875 0.418875 0.055874999999999994 0.1664375
0 0.942203125 0.38658333333333333 0.026171875 0.11018750000000001
0 0.374125 0.40429166666666666 0.0345625 0.09141666666666667
0 0.399125 0.39908333333333335 0.031078125 0.07266666666666667
0 0.326453125 0.406375 0.02953125 0.06639583333333333