0 0.782 0.4157291666666667 0.07468749999999999 0.20602083333333335
0 0.9046875 0.41470833333333335 0.054328125000000005 0.14977083333333333
0 0.8828125 0.38554166666666667 0.0394375 0.10810416666666667
0 0.985734375 0.36364583333333333 0.02853125 0.0851875
0 0.952359375 0.36262500000000003 0.02228125 0.07477083333333333
0 0.69215625 0.37616666666666665 0.026265624999999997 0.07685416666666667
0 0.67028125 0.372 0.029984375 0.07685416666666667
0 0.610890625 0.39908333333333335 0.0388125 0.1351875
0 0.5624374999999999 0.3824166666666667 0.026328125 0.07683333333333334
0 0.542125 0.38345833333333335 0.014296875 0.06225
0 0.52884375 0.37616666666666665 0.015859375000000002 0.0726875
0 0.489765625 0.37095833333333333 0.01228125 0.03725
0 0.478828125 0.37304166666666666 0.012718750000000001 0.03308333333333333
0 0.42803125 0.39179166666666665 0.05450000000000001 0.1164375
0 0.45695312499999996 0.39075 0.034171875000000004 0.08933333333333333
0 0.374125 0.387625 0.027953125000000002 0.09560416666666667
0 0.3569375 0.3918125 0.031421875 0.05445833333333334
0 0.303796875 0.38345833333333335 0.024859375 0.06225
0 0.256125 0.3897083333333333 0.0233125 0.049749999999999996
0 0.21159374999999997 0.38658333333333333 0.034265625 0.07683333333333334
0 0.17721875 0.3918125 0.025109375 0.07529166666666667
0 0.04828125 0.47104166666666664 0.09225 0.2670833333333333
0 0.137359375 0.39595833333333336 0.023359374999999998 0.05391666666666666
0 0.08890624999999999 0.38866666666666666 0.029625000000000002 0.08516666666666667
0 0.279578125 0.38658333333333333 0.0233125 0.0685
0 0.589015625 0.37827083333333333 0.017453125 0.07320833333333333