0 0.964421875 0.4202708333333333 0.055140625 0.2567083333333333
0 0.92621875 0.416875 0.055984374999999996 0.24579166666666669
0 0.7308749999999999 0.43422916666666667 0.061109375 0.22033333333333335
0 0.647515625 0.397125 0.029218749999999998 0.10389583333333333
0 0.5468124999999999 0.38327083333333334 0.02284375 0.06745833333333334
0 0.49821875000000004 0.3791041666666667 0.014875 0.042958333333333334
0 0.41053125 0.3895208333333333 0.018140625 0.04039583333333333
0 0.32675 0.3906875 0.01046875 0.03833333333333333
0 0.337171875 0.39066666666666666 0.019046874999999998 0.04272916666666667
0 0.35150000000000003 0.39010416666666664 0.012953125 0.041562499999999995
0 0.375375 0.38835416666666667 0.008609374999999999 0.035770833333333335
0 0.393609375 0.3953125 0.012234375 0.04064583333333334
0 0.367546875 0.38604166666666667 0.0138125 0.04272916666666667