0 0.138296875 0.47100000000000003 0.0391875 0.14675
0 0.21017187499999998 0.4681666666666667 0.048984375000000004 0.15002083333333335
0 0.367953125 0.44525 0.038671875 0.20539583333333333
0 0.409015625 0.4555208333333333 0.029734375 0.1705625
0 0.50721875 0.4317083333333333 0.031484374999999995 0.1515
0 0.5452656250000001 0.4311041666666667 0.025 0.15745833333333334
0 0.584890625 0.41904166666666665 0.03503125 0.12916666666666668
0 0.6954687500000001 0.4254375 0.026296874999999997 0.121125
0 0.620703125 0.41993749999999996 0.01515625 0.12497916666666667
0 0.6614375 0.4157708333333333 0.031890625 0.1285625
0 0.6395625 0.4269375 0.014921875000000001 0.1276875