0 0.10593749999999999 0.42993750000000003 0.0468125 0.116
0 0.189734375 0.4272916666666667 0.02525 0.09318749999999999
0 0.44643750000000004 0.4308125 0.035390624999999995 0.12654166666666666
0 0.478515625 0.42375 0.03534375 0.14197916666666668
0 0.543484375 0.42472916666666666 0.046859374999999995 0.16852083333333334
0 0.721 0.4366875 0.052000000000000005 0.217
0 0.660734375 0.4129375 0.039609375 0.11489583333333334
0 0.59478125 0.4014166666666667 0.029421874999999997 0.11160416666666667
0 0.797140625 0.41810416666666667 0.050921875000000005 0.18883333333333333
0 0.8413906250000001 0.4217708333333333 0.048093750000000005 0.20295833333333332
0 0.9279531249999999 0.5036666666666666 0.090515625 0.33366666666666667
0 0.9793749999999999 0.41102083333333334 0.041249999999999995 0.18497916666666667