0 0.0445 0.43041666666666667 0.032 0.13527083333333334
0 0.13189062499999998 0.4484791666666667 0.050515624999999995 0.17695833333333333
0 0.22354687499999998 0.46787500000000004 0.099484375 0.2398125
0 0.35259375 0.42954166666666665 0.0393125 0.1386875
0 0.5279843750000001 0.42304166666666665 0.028140625000000002 0.10110416666666668
0 0.5074687499999999 0.423875 0.0141875 0.08608333333333333
0 0.47632812500000005 0.42443749999999997 0.0248125 0.0983125
0 0.41967187499999997 0.41527083333333337 0.019828125 0.08552083333333332
0 0.76315625 0.4804583333333333 0.0693125 0.29091666666666666
0 0.7005625 0.4045625 0.02121875 0.10024999999999999
0 0.5525625 0.414125 0.022703124999999998 0.08341666666666667