0 0.462515625 0.4088541666666667 0.021859375 0.09895833333333333
0 0.281875 0.3971458333333333 0.03875 0.11197916666666667
0 0.39514062499999997 0.3958333333333333 0.034796875 0.09375
0 0.43028125 0.3971458333333333 0.023078124999999998 0.10677083333333333
0 0.447859375 0.3984375 0.026968750000000003 0.13541666666666666
0 0.21840625 0.3971458333333333 0.040734375 0.12760416666666666
0 0.15592187500000002 0.3945416666666667 0.029046875 0.1171875
0 0.182296875 0.4166666666666667 0.030984374999999998 0.125
0 0.07196875 0.4114583333333333 0.036890624999999996 0.09895833333333333
0 0.022171875 0.4114583333333333 0.038859375 0.10416666666666667
0 0.303359375 0.3932291666666667 0.0309375 0.11458333333333333