0 0.102359375 0.46549999999999997 0.04096875 0.16252083333333334
0 0.177015625 0.4655833333333333 0.0619375 0.14977083333333333
0 0.334703125 0.43483333333333335 0.0458125 0.1905
0 0.369859375 0.44891666666666663 0.033421875000000004 0.1593125
0 0.40434374999999995 0.43552083333333336 0.047046875 0.16825
0 0.46928125 0.4269375 0.04265625 0.1657708333333333
0 0.5094531250000001 0.43164583333333334 0.046625 0.15812500000000002
0 0.554984375 0.41231249999999997 0.035921875 0.13135416666666666
0 0.600734375 0.4270833333333333 0.03325 0.127375
0 0.6296406250000001 0.42033333333333334 0.02278125 0.14504166666666668
0 0.660109375 0.422875 0.026578125 0.119125