0 0.8421875 0.42935416666666665 0.06442187499999999 0.175375
0 0.957828125 0.40950000000000003 0.05509375 0.18102083333333333
0 0.6960468750000001 0.43345833333333333 0.07471875 0.20391666666666666
0 0.644484375 0.41470833333333335 0.05340625 0.14975
0 0.42960937499999996 0.418875 0.048640625 0.11225
0 0.519453125 0.4105416666666667 0.03728125 0.09972916666666666
0 0.487421875 0.40950000000000003 0.039281250000000004 0.09764583333333333
0 0.3756875 0.41783333333333333 0.034546875 0.09764583333333333
0 0.24674999999999997 0.4168125 0.032937499999999995 0.07889583333333333
0 0.27565625 0.40325 0.02175 0.08514583333333332
0 0.3475625 0.4084583333333333 0.02515625 0.07889583333333333
0 0.295984375 0.40429166666666666 0.024859375 0.07472916666666667