0 0.04634375 0.5012916666666667 0.092671875 0.36779166666666663
0 0.03715625 0.40639583333333335 0.0311875 0.08997916666666667
0 0.224703125 0.5036041666666666 0.11474999999999999 0.335375
0 0.094453125 0.41102083333333334 0.034640625 0.08072916666666667
0 0.14654687500000002 0.3994375 0.034625 0.103875
0 0.360984375 0.5163333333333333 0.16825 0.43031250000000004
0 0.8142343750000001 0.4711875 0.1201875 0.33539583333333334
0 0.9679062500000001 0.43533333333333335 0.05946875 0.17564583333333333
0 0.956609375 0.37864583333333335 0.0325625 0.090625
0 0.9296875 0.375125 0.02471875 0.10158333333333333
0 0.74821875 0.40175 0.06390625 0.13166666666666668
0 0.714375 0.38210416666666663 0.028109375 0.09293749999999999
0 0.591078125 0.40985416666666663 0.062234374999999995 0.14325000000000002
0 0.463453125 0.4121666666666667 0.07790625 0.15712500000000001
0 0.5225 0.3843958333333333 0.019359375 0.07379166666666667
0 0.5450625 0.3890208333333333 0.0223125 0.06914583333333332
0 0.5615625 0.39018749999999996 0.027515625 0.094625
0 0.639703125 0.387875 0.024015625 0.08072916666666667
0 0.6570625 0.3855625 0.02053125 0.07610416666666667
0 0.691796875 0.38208333333333333 0.021156249999999998 0.0923125
0 0.86890625 0.4179791666666667 0.03434375 0.173375