0 0.883515625 0.5031666666666667 0.08540624999999999 0.270625
0 0.943 0.4716875 0.038921875 0.21197916666666666
0 0.78653125 0.48441666666666666 0.072265625 0.25095833333333334
0 0.727734375 0.493625 0.041703125 0.21583333333333332
0 0.48178124999999994 0.47620833333333334 0.049796875000000004 0.2196875
0 0.519609375 0.46291666666666664 0.0419375 0.18489583333333334
0 0.27554687499999997 0.46758333333333335 0.039140625 0.16075
0 0.217078125 0.460125 0.029328125 0.10416666666666667
0 0.1589375 0.467125 0.031359375 0.14495833333333333
0 0.63153125 0.44777083333333334 0.03234375 0.12410416666666667
0 0.66221875 0.43522916666666667 0.020109375 0.12716666666666668