0 0.9452812500000001 0.4349166666666667 0.060453124999999996 0.26335416666666667
0 0.7538437499999999 0.4192708333333333 0.057765625 0.15566666666666668
0 0.654859375 0.4209583333333333 0.041249999999999995 0.15345833333333334
0 0.57728125 0.39447916666666666 0.019984375 0.05825
0 0.562484375 0.3892916666666667 0.0129375 0.05339583333333333
0 0.549921875 0.39525 0.009031250000000001 0.044458333333333336
0 0.539046875 0.3952291666666667 0.014046875 0.04783333333333333
0 0.497734375 0.392625 0.019453124999999998 0.04708333333333334
0 0.5100156250000001 0.38779166666666665 0.008296874999999999 0.0344375
0 0.403140625 0.3963541666666667 0.015671875 0.042229166666666665
0 0.35625 0.40862499999999996 0.0211875 0.05377083333333333
0 0.334765625 0.4026666666666667 0.027328124999999998 0.06122916666666667
0 0.307140625 0.39897916666666666 0.015640625 0.048937499999999995
0 0.297125 0.39808333333333334 0.007515625 0.051062500000000004