0 0.946890625 0.4251875 0.061343749999999996 0.18785416666666668
0 0.8671875 0.43554166666666666 0.05746875 0.18727083333333333
0 0.834375 0.4115625 0.042546875 0.17685416666666667
0 0.7265312500000001 0.40116666666666667 0.038765625 0.11433333333333334
0 0.649953125 0.42720833333333336 0.048171874999999996 0.15391666666666665
0 0.56321875 0.422 0.040875 0.131
0 0.5968125 0.4209583333333333 0.0294375 0.07889583333333333
0 0.683546875 0.41783333333333333 0.04346875 0.12683333333333333
0 0.508515625 0.41158333333333336 0.03103125 0.09766666666666667
0 0.486640625 0.4136666666666667 0.02521875 0.08933333333333333
0 0.46945312499999997 0.412625 0.02834375 0.09141666666666667
0 0.450703125 0.41575 0.028328125 0.08514583333333332
0 0.40459375 0.4209583333333333 0.029515625 0.0955625
0 0.38115625 0.418875 0.023625 0.09558333333333334