0 0.46392187500000004 0.4124791666666667 0.023015625 0.08033333333333334
0 0.49617187500000004 0.41379166666666667 0.0200625 0.0866875
0 0.557546875 0.4108541666666667 0.025 0.09789583333333333
0 0.58890625 0.4136458333333334 0.030578125 0.09591666666666666
0 0.6156875 0.41008333333333336 0.02165625 0.1030625
0 0.678625 0.40325 0.027421875000000002 0.09877083333333332
0 0.722703125 0.43214583333333334 0.033890625 0.14345833333333333
0 0.769578125 0.4284166666666666 0.038343749999999996 0.141375
0 0.8144375 0.4322916666666667 0.0343125 0.14077083333333332
0 0.8604062499999999 0.44152083333333336 0.045906249999999996 0.20091666666666666
0 0.96453125 0.42025 0.055484374999999996 0.17916666666666667