0 0.40790625 0.4269375 0.031515625000000005 0.14195833333333333
0 0.6016250000000001 0.4308125 0.04396875 0.13183333333333333
0 0.65575 0.41174999999999995 0.03390625 0.14135416666666664
0 0.697828125 0.4126041666666667 0.03596875 0.14860416666666668
0 0.49506249999999996 0.4179583333333333 0.028546875 0.11408333333333333
0 0.442171875 0.4209375 0.031656250000000004 0.108125
0 0.213625 0.4202291666666667 0.029109375 0.09581250000000001
0 0.29876562500000003 0.4166458333333333 0.0230625 0.08866666666666667
0 0.325109375 0.4136458333333334 0.022484375 0.09591666666666666
0 0.068109375 0.42260416666666667 0.02378125 0.07914583333333333
0 0.09176562499999999 0.41529166666666667 0.018171875 0.06585416666666667
0 0.1595 0.4233541666666667 0.0213125 0.0871875