0 0.066203125 0.47254166666666664 0.052296875 0.188125
0 0.143046875 0.47079166666666666 0.080984375 0.17770833333333333
0 0.294125 0.4465 0.049765625 0.21935416666666668
0 0.438671875 0.4360625 0.052437500000000005 0.19158333333333333
0 0.477734375 0.4255833333333333 0.067359375 0.176625
0 0.36053125 0.42906249999999996 0.05178125 0.16966666666666666
0 0.338390625 0.43954166666666666 0.070640625 0.2263125
0 0.5298437500000001 0.41520833333333335 0.0420625 0.149875
0 0.6235937500000001 0.41864583333333333 0.041249999999999995 0.15577083333333333
0 0.566296875 0.42212500000000003 0.030859375 0.1349375
0 0.594953125 0.42210416666666667 0.0360625 0.16270833333333332