0 0.601296875 0.4136875 0.0410625 0.1184375
0 0.7443593749999999 0.45045833333333335 0.0459375 0.21879166666666666
0 0.81878125 0.5253541666666667 0.063109375 0.38345833333333335
0 0.88475 0.5289583333333333 0.088453125 0.4575625
0 0.972296875 0.4331875 0.055406250000000004 0.21995833333333334
0 0.399640625 0.411 0.028390625000000003 0.11902083333333334
0 0.04846875 0.4316875 0.02915625 0.08897916666666666
0 0.564921875 0.40429166666666666 0.01740625 0.08181250000000001
0 0.547625 0.40341666666666665 0.016296875 0.07408333333333333
0 0.4908125 0.4062291666666667 0.020999999999999998 0.058895833333333335
0 0.699828125 0.40058333333333335 0.026078125 0.10116666666666667
0 0.679515625 0.41024999999999995 0.016718749999999998 0.09372916666666667