0 0.280625 0.41345833333333337 0.047984375 0.11804166666666666
0 0.500078125 0.41583333333333333 0.030640624999999998 0.108875
0 0.61765625 0.4030416666666667 0.022078125 0.10552083333333333
0 0.742328125 0.4109583333333333 0.02765625 0.10747916666666667
0 0.7927500000000001 0.43495833333333334 0.0465 0.1806458333333333
0 0.8737812500000001 0.4252291666666667 0.0469375 0.1834375
0 0.92690625 0.41133333333333333 0.036546875 0.14454166666666665
0 0.081375 0.40929166666666666 0.026578125 0.08191666666666667
0 0.03596875 0.40970833333333334 0.027421875000000002 0.08552083333333332
0 0.565484375 0.39914583333333337 0.019796875 0.07552083333333333
0 0.5466249999999999 0.4045625 0.017499999999999998 0.06691666666666667
0 0.373421875 0.40679166666666666 0.019 0.06022916666666667
0 0.303328125 0.401625 0.017421875 0.06952083333333332