0 0.48534375 0.42202083333333335 0.021234375 0.08033333333333334
0 0.516828125 0.4115625 0.027437499999999997 0.10127083333333334
0 0.57896875 0.41441666666666666 0.032140625 0.09789583333333333
0 0.614796875 0.4151458333333334 0.0234375 0.094125
0 0.64246875 0.4081458333333333 0.02165625 0.0991875
0 0.7094375 0.4036666666666667 0.030609375 0.10216666666666667
0 0.773484375 0.42514583333333333 0.03053125 0.16697916666666668
0 0.804515625 0.4292708333333334 0.036875000000000005 0.14622916666666666
0 0.8545 0.4297708333333333 0.045234375 0.15535416666666665
0 0.9444531250000001 0.44756250000000003 0.082890625 0.22568749999999999
0 0.422640625 0.40414583333333337 0.016328125 0.06841666666666667
0 0.44829687500000004 0.40204166666666663 0.01715625 0.06079166666666667