0 0.7624375 0.4471041666666667 0.049109375 0.21308333333333335
0 0.8854374999999999 0.51825 0.11803125 0.36652083333333335
0 0.952796875 0.5321666666666667 0.094421875 0.4387708333333334
0 0.578921875 0.41289583333333335 0.02790625 0.1058125
0 0.689625 0.40360416666666665 0.034765625 0.10664583333333333
0 0.38425 0.4105416666666667 0.040671875 0.11497916666666666
0 0.024921875 0.42735416666666665 0.04284375 0.10137499999999999
0 0.327078125 0.4023333333333333 0.0200625 0.07358333333333333
0 0.823578125 0.42360416666666667 0.040140625 0.13554166666666667
0 0.547671875 0.40262499999999996 0.015421874999999998 0.0685625
0 0.7146250000000001 0.39258333333333334 0.023578125 0.0848125