0 0.264640625 0.5535416666666666 0.1564375 0.48670833333333335
0 0.315859375 0.5268958333333333 0.1616875 0.40099999999999997
0 0.372296875 0.517625 0.139125 0.40562499999999996
0 0.520765625 0.4736041666666667 0.09228125000000001 0.2944583333333333
0 0.636234375 0.418 0.0385 0.1184375
0 0.655328125 0.3902291666666667 0.02809375 0.10452083333333334
0 0.520765625 0.47939583333333335 0.102703125 0.2875
0 0.6153906250000001 0.3902291666666667 0.028078125 0.09987499999999999
0 0.691796875 0.3971666666666666 0.024625 0.09989583333333334
0 0.70915625 0.3890625 0.028109375 0.10683333333333334
0 0.746515625 0.4933125 0.12015625 0.29675
0 0.82290625 0.4075833333333333 0.04378125 0.1438958333333333
0 0.88540625 0.43537499999999996 0.047281250000000004 0.17633333333333334
0 0.9522656250000001 0.38789583333333333 0.024734375 0.10452083333333334
0 0.036296875 0.4064166666666667 0.026109375 0.090625
0 0.10140625 0.39947916666666666 0.038296875 0.10452083333333334
0 0.163921875 0.40989583333333335 0.020953125 0.07441666666666666