0 0.618359375 0.5335416666666667 0.09975 0.3671041666666667
0 0.78296875 0.442125 0.0561875 0.17829166666666665
0 0.839890625 0.4422083333333333 0.057640625 0.20545833333333335
0 0.6834374999999999 0.42525 0.053593749999999996 0.12627083333333333
0 0.486234375 0.4620625 0.049796875000000004 0.17652083333333335
0 0.42418750000000005 0.46952083333333333 0.050703125 0.18545833333333334
0 0.07525 0.46116666666666667 0.0380625 0.14495833333333333
0 0.194875 0.45879166666666665 0.045187500000000005 0.12829166666666666
0 0.31940625 0.4421041666666667 0.02640625 0.0949375
0 0.37689062500000003 0.429875 0.0260625 0.07833333333333334
0 0.34653125 0.428125 0.020374999999999997 0.0848125