0 0.6374531250000001 0.5471458333333333 0.13934375000000002 0.5026458333333333
0 0.7030624999999999 0.45739583333333333 0.060687500000000005 0.2601875
0 0.85309375 0.42720833333333336 0.048125 0.14558333333333331
0 0.9752968750000001 0.4709375 0.04940625 0.30812500000000004
0 0.921875 0.4084583333333333 0.039421875 0.13310416666666666
0 0.4663125 0.41470833333333335 0.052953125000000004 0.13308333333333333
0 0.085765625 0.422 0.039046874999999995 0.15602083333333333
0 0.113109375 0.412625 0.04059375 0.11225
0 0.28581249999999997 0.40950000000000003 0.032921875 0.060145833333333336
0 0.517109375 0.4053333333333333 0.020515625000000003 0.06016666666666667
0 0.546015625 0.4053333333333333 0.021671875 0.081
0 0.566328125 0.40325 0.031046875 0.081