0 0.689 0.41652083333333334 0.042375 0.15564583333333332
0 0.75875 0.39920833333333333 0.034640625 0.1646875
0 0.8098593749999999 0.4017291666666667 0.03509375 0.16260416666666666
0 0.5130312499999999 0.42152083333333334 0.039484375 0.16170833333333334
0 0.5710625 0.4069375 0.0395 0.13729166666666667
0 0.139515625 0.414125 0.023765625000000002 0.06752083333333332
0 0.294078125 0.4129375 0.027078124999999998 0.100875
0 0.370859375 0.40741666666666665 0.02884375 0.09283333333333334
0 0.401203125 0.40247916666666667 0.026515624999999998 0.09264583333333333
0 0.167203125 0.41381249999999997 0.028015625 0.07002083333333334
0 0.24565625 0.40725 0.029593750000000002 0.10693749999999999