0 0.8923593750000001 0.4064375 0.029921874999999997 0.1230625
0 0.95053125 0.4006458333333333 0.028203125000000002 0.10220833333333333
0 0.75865625 0.438875 0.054171875 0.20179166666666667
0 0.67878125 0.413375 0.03678125 0.11379166666666667
0 0.660546875 0.3983125 0.0315625 0.06979166666666667
0 0.588484375 0.39137500000000003 0.022859375 0.07904166666666666
0 0.5294375 0.3983125 0.02978125 0.07904166666666666
0 0.564171875 0.39018749999999996 0.018828125 0.06220833333333333
0 0.11356250000000001 0.4330625 0.034828125 0.14854166666666666
0 0.1456875 0.4283958333333333 0.036359375 0.1154375
0 0.24987499999999999 0.40525 0.0363125 0.06914583333333332
0 0.3531875 0.39366666666666666 0.024125 0.0923125
0 0.32628124999999997 0.39947916666666666 0.02275 0.08135416666666666
0 0.284609375 0.39947916666666666 0.019265625 0.0443125
0 0.298484375 0.3971458333333333 0.02240625 0.07145833333333333
0 0.187359375 0.39137500000000003 0.01575 0.060520833333333336
0 0.227296875 0.3890416666666667 0.02590625 0.059895833333333336
0 0.20646874999999998 0.3890625 0.015765625 0.060520833333333336
0 0.38878124999999997 0.39137500000000003 0.02278125 0.06979166666666667
0 0.42178125 0.39366666666666666 0.022359375 0.06452083333333333