0 0.984703125 0.3577916666666667 0.030578125 0.08595833333333333
0 0.9375 0.4144791666666666 0.053421874999999994 0.16639583333333335
0 0.8958281250000001 0.3751666666666667 0.04034375 0.11145833333333334
0 0.820296875 0.42266666666666663 0.097609375 0.23885416666666667
0 0.70221875 0.3705416666666667 0.031578125 0.0975625
0 0.681375 0.3763333333333333 0.02809375 0.09987499999999999
0 0.627546875 0.3623958333333333 0.020546875 0.076125
0 0.6110625 0.3705416666666667 0.022859375 0.07902083333333333
0 0.587609375 0.38554166666666667 0.044875 0.15020833333333333
0 0.567640625 0.374 0.0263125 0.08597916666666668
0 0.54159375 0.37283333333333335 0.019359375 0.06514583333333333
0 0.5303125 0.37285416666666665 0.028046875 0.07904166666666666
0 0.46518750000000003 0.3832291666666666 0.046656249999999996 0.12704166666666666
0 0.483421875 0.36470833333333336 0.027546875 0.08075
0 0.392265625 0.375125 0.036265625 0.10158333333333333
0 0.368828125 0.3705 0.02103125 0.07379166666666667
0 0.348859375 0.37514583333333335 0.022765625 0.05991666666666667
0 0.288078125 0.3705 0.032828125 0.06454166666666666
0 0.24118750000000003 0.3809375 0.02590625 0.052958333333333336
0 0.19429687499999998 0.37860416666666663 0.025921875 0.08537499999999999
0 0.156109375 0.38210416666666663 0.033109375 0.07441666666666666
0 0.140484375 0.37397916666666664 0.02615625 0.057604166666666665
0 0.06978124999999999 0.46772916666666664 0.13954687500000001 0.3099166666666667
0 0.025 0.37864583333333335 0.038265625 0.09987499999999999