0 0.22515625 0.44633333333333336 0.0665 0.16697916666666668
0 0.339109375 0.45408333333333334 0.09128125000000001 0.19945833333333332
0 0.747390625 0.43845833333333334 0.03284375 0.13695833333333332
0 0.41334375 0.42983333333333335 0.034015625 0.1374375
0 0.050640624999999995 0.45066666666666666 0.042984375000000005 0.147875
0 0.12746875 0.4254583333333333 0.03259375 0.07964583333333333
0 0.37165625 0.4376041666666667 0.0389375 0.13520833333333335
0 0.516875 0.4176458333333333 0.027546875 0.08139583333333333
0 0.5435625 0.4176458333333333 0.02584375 0.0918125
0 0.466734375 0.41677083333333337 0.03403125 0.10397916666666666
0 0.6959375 0.4168125 0.02890625 0.111375
0 0.72003125 0.4089375 0.032296875 0.12308333333333334
0 0.61909375 0.4714375 0.124796875 0.26197916666666665