0 0.9713906250000001 0.41789583333333336 0.05721875 0.18160416666666668
0 0.897640625 0.44595833333333335 0.05903125 0.17891666666666667
0 0.840609375 0.41787500000000005 0.045656249999999995 0.15660416666666668
0 0.7444843750000001 0.40741666666666665 0.03721875 0.12683333333333333
0 0.6639999999999999 0.43241666666666667 0.0450625 0.156
0 0.58040625 0.422 0.03728125 0.11433333333333334
0 0.390484375 0.41683333333333333 0.036171875 0.092
0 0.415515625 0.418875 0.03265625 0.09139583333333333
0 0.6124375 0.42304166666666665 0.032578125 0.09972916666666666
0 0.698390625 0.418875 0.038796874999999995 0.10808333333333334
0 0.49990625 0.412625 0.032625 0.09975
0 0.520234375 0.41158333333333336 0.026359375 0.08516666666666667
0 0.47257812499999996 0.41470833333333335 0.0283125 0.0830625