0 0.6233906250000001 0.41781250000000003 0.038796874999999995 0.13520833333333335
0 0.585109375 0.41677083333333337 0.037765625000000004 0.133125
0 0.5343125 0.4365625 0.039296874999999995 0.13520833333333335
0 0.43428125 0.4240625 0.03575 0.10604166666666666
0 0.39053125 0.4282291666666667 0.042375 0.12270833333333334
0 0.3413125 0.4313541666666667 0.056421874999999996 0.12479166666666666
0 0.459296875 0.41468750000000004 0.035734375 0.11229166666666666
0 0.15142187499999998 0.4313541666666667 0.03915625 0.09560416666666667
0 0.24596874999999999 0.4219791666666667 0.031375 0.089375
0 0.03578125 0.41989583333333336 0.02340625 0.08104166666666666
0 0.01546875 0.4271875 0.02346875 0.08310416666666667
0 0.095953125 0.43345833333333333 0.028187499999999997 0.08310416666666667